<!DOCTYPE html>
<html lang="es">
<head>
    <meta charset="UTF-8">
    <meta name="viewport" content="width=device-width, initial-scale=1.0">
    <title>Visualizador de Secuencia 3D - Set 75400-1</title>
    <!-- Tailwind CSS -->
    <script src="https://cdn.tailwindcss.com"></script>
    <!-- Three.js and OrbitControls -->
    <script src="https://cdnjs.cloudflare.com/ajax/libs/three.js/r128/three.min.js"></script>
    <script src="https://cdn.jsdelivr.net/npm/three@0.128.0/examples/js/controls/OrbitControls.js"></script>
    <!-- Outfit Font -->
    <link href="https://fonts.googleapis.com/css2?family=Outfit:wght@300;400;600;700&display=swap" rel="stylesheet">
    <style>
        body {
            font-family: 'Outfit', sans-serif;
            background-color: #0b0f19;
            color: #f8fafc;
            overflow: hidden;
        }
        .glass-panel {
            background: rgba(15, 23, 42, 0.75);
            backdrop-filter: blur(12px);
            border: 1px solid rgba(255, 255, 255, 0.08);
        }
        .custom-scrollbar::-webkit-scrollbar {
            width: 6px;
        }
        .custom-scrollbar::-webkit-scrollbar-track {
            background: rgba(0, 0, 0, 0.1);
        }
        .custom-scrollbar::-webkit-scrollbar-thumb {
            background: rgba(255, 255, 255, 0.1);
            border-radius: 3px;
        }
    </style>
</head>
<body class="h-screen w-screen flex flex-col md:flex-row">

    <!-- Left Sidebar: Step Dashboard -->
    <aside id="sidebar" class="w-full md:w-96 glass-panel flex flex-col p-6 z-10 border-b md:border-b-0 md:border-r border-slate-800">
        <div class="mb-6">
            <div class="flex items-center space-x-2 text-blue-500 font-semibold text-xs tracking-wider uppercase mb-1">
                <span>🤖 LegoGPT Reconstruction Pipeline</span>
                <span class="bg-emerald-500/20 text-emerald-400 px-2 py-0.5 rounded-full text-[10px]">Verified</span>
            </div>
            <h1 class="text-2xl font-bold bg-clip-text text-transparent bg-gradient-to-r from-white via-slate-200 to-blue-400">Set 75400-1</h1>
            <p class="text-xs text-slate-400 mt-1">Plo Koon's Jedi Starfighter Microfighter</p>
            <div class="mt-3 text-[11px] text-slate-400 bg-slate-950/60 p-3 rounded-lg border border-slate-800/80">
                <span class="font-semibold text-blue-400 block mb-1">Referencia Visual:</span>
                Modelo: <a href="https://www.mecabricks.com/en/library" target="_blank" class="text-blue-400 hover:underline">Mecabricks Library (75400)</a>
                <span class="block mt-1">Validador Físico: <strong class="text-emerald-400">CONECTADO y GRAVEDAD VÁLIDA</strong></span>
                <span class="block mt-0.5">Inventario: <strong>89 piezas de Brickset</strong></span>
            </div>
        </div>

        <!-- Assembly Progress -->
        <div class="flex-1 flex flex-col overflow-hidden">
            <div class="flex justify-between items-center mb-3">
                <h3 class="text-xs font-semibold text-slate-400 uppercase tracking-wider">Secuencia de Montaje</h3>
                <span id="step-badge" class="text-xs bg-blue-500/20 text-blue-400 px-2.5 py-0.5 rounded-full font-bold">Paso 0 / 55</span>
            </div>
            
            <div id="steps-list" class="flex-1 overflow-y-auto space-y-2 pr-1 custom-scrollbar text-sm">
                <!-- Javascript will load steps dynamically -->
            </div>
        </div>

        <!-- Playback Navigation Controls -->
        <div class="mt-6 pt-6 border-t border-slate-800/80 flex flex-col gap-3">
            <div class="flex items-center justify-between gap-2">
                <button id="btn-prev" class="flex items-center justify-center p-3 rounded-lg bg-slate-900 border border-slate-800 hover:border-slate-600 active:scale-95 transition-all w-[30%]">
                    <svg class="w-5 h-5 text-slate-300" fill="none" stroke="currentColor" viewBox="0 0 24 24"><path stroke-linecap="round" stroke-linejoin="round" stroke-width="2" d="M15 19l-7-7 7-7"/></svg>
                </button>
                <button id="btn-play" class="flex items-center justify-center p-3 rounded-lg bg-blue-600 hover:bg-blue-500 active:scale-95 transition-all text-white font-semibold text-sm w-[35%]">
                    Auto Play
                </button>
                <button id="btn-next" class="flex items-center justify-center p-3 rounded-lg bg-slate-900 border border-slate-800 hover:border-slate-600 active:scale-95 transition-all w-[30%]">
                    <svg class="w-5 h-5 text-slate-300" fill="none" stroke="currentColor" viewBox="0 0 24 24"><path stroke-linecap="round" stroke-linejoin="round" stroke-width="2" d="M9 5l7 7-7 7"/></svg>
                </button>
            </div>
            <div class="text-[10px] text-slate-500 text-center uppercase tracking-widest font-semibold">
                Optimizado para M4 GPU y 12 núcleos CPU
            </div>
        </div>
    </aside>

    <!-- Main Screen: 3D Scene Viewport -->
    <main class="flex-1 h-full relative">
        <div id="canvas-3d" class="w-full h-full"></div>
        
        <!-- Part Legend / Glossary Overlay -->
        <div class="absolute bottom-6 right-6 glass-panel rounded-xl p-4 flex flex-col space-y-2 pointer-events-none text-xs w-64">
            <h4 class="font-bold text-slate-300 mb-1 text-[10px] uppercase tracking-wider">Vocabulario de Piezas Utilizadas</h4>
            <div id="legend-list" class="space-y-1.5 max-h-40 overflow-y-auto pr-1 custom-scrollbar">
                <!-- Javascript will insert glossary items -->
            </div>
        </div>
    </main>

    <!-- Interactive Logic Script -->
    <script>
        const SEQUENCE_STEPS = [{"step_id": 0, "parts": [{"part_id": "3795.dat", "name": "3795", "color": 7, "color_hex": "#94a3b8", "matrix": [-0.4830000102519989, 0.2590000033378601, -0.8360000252723694, 17.0, 0.1289999932050705, 0.9660000205039978, 0.2240000069141388, -96.00000762939453, 0.8659999966621399, 0.0, -0.5, -220.0, 0.0, 0.0, 0.0, 1.0], "dimensions": {"w": 20.0, "h": 24.0, "d": 20.0}}, {"part_id": "14704.dat", "name": "14704", "color": 7, "color_hex": "#94a3b8", "matrix": [-0.8360000252723694, 0.2590000033378601, 0.4830000102519989, -9.218999862670898, 0.2240000069141388, 0.9660000205039978, -0.1289999932050705, -97.25700378417969, -0.5, 0.0, -0.8659999966621399, -176.69900512695312, 0.0, 0.0, 0.0, 1.0], "dimensions": {"w": 20.0, "h": 24.0, "d": 20.0}}]}, {"step_id": 1, "parts": [{"part_id": "3023.dat", "name": "3023", "color": 7, "color_hex": "#94a3b8", "matrix": [-0.8360000252723694, 0.2590000033378601, 0.4830000102519989, 0.4410000145435333, 0.2240000069141388, 0.9660000205039978, -0.1289999932050705, -99.84500122070312, -0.5, 0.0, -0.8659999966621399, -194.0189971923828, 0.0, 0.0, 0.0, 1.0], "dimensions": {"w": 20.0, "h": 8.0, "d": 40.0}}]}, {"step_id": 2, "parts": [{"part_id": "3022.dat", "name": "3022", "color": 4, "color_hex": "#b91c1c", "matrix": [-0.8360000252723694, 0.2590000033378601, 0.4830000102519989, -6.460000514984131, 0.2240000069141388, 0.9660000205039978, -0.1289999932050705, -106.27799987792969, -0.5, 0.0, -0.8659999966621399, -185.35899353027344, 0.0, 0.0, 0.0, 1.0], "dimensions": {"w": 40.0, "h": 8.0, "d": 40.0}}]}, {"step_id": 3, "parts": [{"part_id": "4032a.dat", "name": "4032a", "color": 4, "color_hex": "#b91c1c", "matrix": [-0.8360000252723694, 0.2590000033378601, 0.4830000102519989, -8.529999732971191, 0.2240000069141388, 0.9660000205039978, -0.1289999932050705, -114.00599670410156, -0.5, 0.0, -0.8659999966621399, -185.35899353027344, 0.0, 0.0, 0.0, 1.0], "dimensions": {"w": 20.0, "h": 24.0, "d": 20.0}}]}, {"step_id": 4, "parts": [{"part_id": "3023.dat", "name": "3023", "color": 7, "color_hex": "#94a3b8", "matrix": [-0.8360000252723694, 0.2590000033378601, 0.4830000102519989, -5.770999908447266, 0.2240000069141388, 0.9660000205039978, -0.1289999932050705, -123.02700805664062, -0.5, 0.0, -0.8659999966621399, -194.0189971923828, 0.0, 0.0, 0.0, 1.0], "dimensions": {"w": 20.0, "h": 8.0, "d": 40.0}}, {"part_id": "14704.dat", "name": "14704", "color": 7, "color_hex": "#94a3b8", "matrix": [-0.8360000252723694, 0.2590000033378601, 0.4830000102519989, -15.430000305175781, 0.2240000069141388, 0.9660000205039978, -0.1289999932050705, -120.43899536132812, -0.5, 0.0, -0.8659999966621399, -176.69900512695312, 0.0, 0.0, 0.0, 1.0], "dimensions": {"w": 20.0, "h": 24.0, "d": 20.0}}]}, {"step_id": 5, "parts": [{"part_id": "44728.dat", "name": "44728", "color": 4, "color_hex": "#b91c1c", "matrix": [-0.4830000102519989, 0.2590000033378601, -0.8360000252723694, -4.306000232696533, 0.1289999932050705, 0.9660000205039978, 0.2240000069141388, -131.70199584960938, 0.8659999966621399, 0.0, -0.5, -180.35899353027344, 0.0, 0.0, 0.0, 1.0], "dimensions": {"w": 20.0, "h": 24.0, "d": 20.0}}, {"part_id": "44728.dat", "name": "44728", "color": 4, "color_hex": "#b91c1c", "matrix": [0.4830000102519989, 0.2590000033378601, 0.8360000252723694, -21.035999298095703, -0.1289999932050705, 0.9660000205039978, -0.2240000069141388, -127.21900177001953, -0.8659999966621399, 0.0, 0.5, -190.35899353027344, 0.0, 0.0, 0.0, 1.0], "dimensions": {"w": 20.0, "h": 24.0, "d": 20.0}}]}, {"step_id": 6, "parts": [{"part_id": "22885.dat", "name": "22885", "color": 4, "color_hex": "#b91c1c", "matrix": [0.4830000102519989, 0.2590000033378601, 0.8360000252723694, -1.7179999351501465, -0.1289999932050705, 0.9660000205039978, -0.2240000069141388, -132.39599609375, -0.8659999966621399, 0.0, 0.5, -225.00001525878906, 0.0, 0.0, 0.0, 1.0], "dimensions": {"w": 20.0, "h": 24.0, "d": 20.0}}, {"part_id": "3023.dat", "name": "3023", "color": 4, "color_hex": "#b91c1c", "matrix": [0.4830000102519989, 0.8360000252723694, -0.2590000033378601, -14.186999320983887, -0.1289999932050705, -0.2240000069141388, -0.9660000205039978, -118.70201110839844, -0.8659999966621399, 0.5, 0.0, -234.0, 0.0, 0.0, 0.0, 1.0], "dimensions": {"w": 20.0, "h": 8.0, "d": 40.0}}, {"part_id": "54200.dat", "name": "54200", "color": 7, "color_hex": "#94a3b8", "matrix": [-0.2590000033378601, 0.8360000252723694, -0.4830000102519989, -19.017000198364258, -0.9660000205039978, -0.2240000069141388, 0.1289999932050705, -117.40799713134766, 0.0, 0.5, 0.8659999966621399, -225.33999633789062, 0.0, 0.0, 0.0, 1.0], "dimensions": {"w": 20.0, "h": 24.0, "d": 20.0}}, {"part_id": "54200.dat", "name": "54200", "color": 7, "color_hex": "#94a3b8", "matrix": [-0.2590000033378601, 0.8360000252723694, -0.4830000102519989, -9.357999801635742, -0.9660000205039978, -0.2240000069141388, 0.1289999932050705, -119.99600219726562, 0.0, 0.5, 0.8659999966621399, -242.66000366210938, 0.0, 0.0, 0.0, 1.0], "dimensions": {"w": 20.0, "h": 24.0, "d": 20.0}}]}, {"step_id": 7, "parts": [{"part_id": "22885.dat", "name": "22885", "color": 4, "color_hex": "#b91c1c", "matrix": [-0.4830000102519989, 0.2590000033378601, -0.8360000252723694, 15.01200008392334, 0.1289999932050705, 0.9660000205039978, 0.2240000069141388, -136.8780059814453, 0.8659999966621399, 0.0, -0.5, -215.0, 0.0, 0.0, 0.0, 1.0], "dimensions": {"w": 20.0, "h": 24.0, "d": 20.0}}, {"part_id": "3023.dat", "name": "3023", "color": 4, "color_hex": "#b91c1c", "matrix": [-0.4830000102519989, -0.8360000252723694, -0.2590000033378601, 32.65800094604492, 0.1289999932050705, 0.2240000069141388, -0.9660000205039978, -131.25399780273438, 0.8659999966621399, -0.5, 0.0, -206.0, 0.0, 0.0, 0.0, 1.0], "dimensions": {"w": 20.0, "h": 8.0, "d": 40.0}}, {"part_id": "54200.dat", "name": "54200", "color": 7, "color_hex": "#94a3b8", "matrix": [0.2590000033378601, -0.8360000252723694, -0.4830000102519989, 27.82900047302246, 0.9660000205039978, 0.2240000069141388, 0.1289999932050705, -129.9600067138672, 0.0, -0.5, 0.8659999966621399, -197.33999633789062, 0.0, 0.0, 0.0, 1.0], "dimensions": {"w": 20.0, "h": 24.0, "d": 20.0}}, {"part_id": "54200.dat", "name": "54200", "color": 7, "color_hex": "#94a3b8", "matrix": [0.2590000033378601, -0.8360000252723694, -0.4830000102519989, 37.487998962402344, 0.9660000205039978, 0.2240000069141388, 0.1289999932050705, -132.54800415039062, 0.0, -0.5, 0.8659999966621399, -214.66000366210938, 0.0, 0.0, 0.0, 1.0], "dimensions": {"w": 20.0, "h": 24.0, "d": 20.0}}]}, {"step_id": 8, "parts": [{"part_id": "99206.dat", "name": "99206", "color": 4, "color_hex": "#b91c1c", "matrix": [0.8360000252723694, 0.2590000033378601, -0.4830000102519989, 37.00699996948242, -0.2240000069141388, 0.9660000205039978, 0.1289999932050705, -117.92500305175781, 0.5, 0.0, 0.8659999966621399, -263.3009948730469, 0.0, 0.0, 0.0, 1.0], "dimensions": {"w": 20.0, "h": 24.0, "d": 20.0}}]}, {"step_id": 9, "parts": [{"part_id": "3023.dat", "name": "3023", "color": 7, "color_hex": "#94a3b8", "matrix": [-0.8360000252723694, 0.2590000033378601, 0.4830000102519989, 27.347999572753906, 0.2240000069141388, 0.9660000205039978, -0.1289999932050705, -115.33699798583984, -0.5, 0.0, -0.8659999966621399, -245.98101806640625, 0.0, 0.0, 0.0, 1.0], "dimensions": {"w": 20.0, "h": 8.0, "d": 40.0}}]}, {"step_id": 10, "parts": [{"part_id": "6541.dat", "name": "6541", "color": 4, "color_hex": "#b91c1c", "matrix": [-0.4830000102519989, 0.2590000033378601, -0.8360000252723694, 29.500999450683594, 0.1289999932050705, 0.9660000205039978, 0.2240000069141388, -140.76100158691406, 0.8659999966621399, 0.0, -0.5, -240.9810028076172, 0.0, 0.0, 0.0, 1.0], "dimensions": {"w": 20.0, "h": 24.0, "d": 20.0}}, {"part_id": "2780.dat", "name": "2780", "color": 0, "color_hex": "#1b1c1e", "matrix": [0.8360000252723694, 0.2590000033378601, -0.4830000102519989, 40.45499801635742, -0.2240000069141388, 0.9660000205039978, 0.1289999932050705, -133.34300231933594, 0.5, 0.0, 0.8659999966621399, -235.9810028076172, 0.0, 0.0, 0.0, 1.0], "dimensions": {"w": 20.0, "h": 24.0, "d": 20.0}}, {"part_id": "6541.dat", "name": "6541", "color": 4, "color_hex": "#b91c1c", "matrix": [0.4830000102519989, 0.2590000033378601, 0.8360000252723694, 12.770999908447266, -0.1289999932050705, 0.9660000205039978, -0.2240000069141388, -136.2779998779297, -0.8659999966621399, 0.0, 0.5, -250.9810028076172, 0.0, 0.0, 0.0, 1.0], "dimensions": {"w": 20.0, "h": 24.0, "d": 20.0}}, {"part_id": "2780.dat", "name": "2780", "color": 0, "color_hex": "#1b1c1e", "matrix": [-0.8360000252723694, 0.2590000033378601, 0.4830000102519989, 6.993999481201172, 0.2240000069141388, 0.9660000205039978, -0.1289999932050705, -124.37700653076172, -0.5, 0.0, -0.8659999966621399, -255.98098754882812, 0.0, 0.0, 0.0, 1.0], "dimensions": {"w": 20.0, "h": 24.0, "d": 20.0}}]}, {"step_id": 11, "parts": [{"part_id": "26604.dat", "name": "26604", "color": 7, "color_hex": "#94a3b8", "matrix": [0.8360000252723694, 0.2590000033378601, -0.4830000102519989, 39.15999984741211, -0.2240000069141388, 0.9660000205039978, 0.1289999932050705, -143.3489990234375, 0.5, 0.0, 0.8659999966621399, -258.3009948730469, 0.0, 0.0, 0.0, 1.0], "dimensions": {"w": 20.0, "h": 24.0, "d": 20.0}}, {"part_id": "26604.dat", "name": "26604", "color": 7, "color_hex": "#94a3b8", "matrix": [0.4830000102519989, 0.2590000033378601, 0.8360000252723694, 22.43000030517578, -0.1289999932050705, 0.9660000205039978, -0.2240000069141388, -138.86599731445312, -0.8659999966621399, 0.0, 0.5, -268.3009948730469, 0.0, 0.0, 0.0, 1.0], "dimensions": {"w": 20.0, "h": 24.0, "d": 20.0}}]}, {"step_id": 12, "parts": [{"part_id": "3020.dat", "name": "3020", "color": 4, "color_hex": "#b91c1c", "matrix": [0.4830000102519989, 0.2590000033378601, 0.8360000252723694, 14.236000061035156, -0.1289999932050705, 0.9660000205039978, -0.2240000069141388, -144.9530029296875, -0.8659999966621399, 0.0, 0.5, -237.3209991455078, 0.0, 0.0, 0.0, 1.0], "dimensions": {"w": 40.0, "h": 8.0, "d": 80.0}}]}, {"step_id": 13, "parts": [{"part_id": "30374.dat", "name": "30374", "color": 7, "color_hex": "#94a3b8", "matrix": [0.4830000102519989, -0.8360000252723694, 0.2590000033378601, 57.18500518798828, -0.1289999932050705, 0.2240000069141388, 0.9660000205039978, -137.8260040283203, -0.8659999966621399, -0.5, 0.0, -225.9810028076172, 0.0, 0.0, 0.0, 1.0], "dimensions": {"w": 20.0, "h": 24.0, "d": 20.0}}]}, {"step_id": 14, "parts": [{"part_id": "18654.dat", "name": "18654", "color": 7, "color_hex": "#94a3b8", "matrix": [0.2590000033378601, -0.8360000252723694, -0.4830000102519989, 48.81999969482422, 0.9660000205039978, 0.2240000069141388, 0.1289999932050705, -135.58399963378906, 0.0, -0.5, 0.8659999966621399, -230.9810028076172, 0.0, 0.0, 0.0, 1.0], "dimensions": {"w": 20.0, "h": 24.0, "d": 20.0}}, {"part_id": "18654.dat", "name": "18654", "color": 7, "color_hex": "#94a3b8", "matrix": [0.2590000033378601, -0.8360000252723694, -0.4830000102519989, -1.371000051498413, 0.9660000205039978, 0.2240000069141388, 0.1289999932050705, -122.13600158691406, 0.0, -0.5, 0.8659999966621399, -260.9809875488281, 0.0, 0.0, 0.0, 1.0], "dimensions": {"w": 20.0, "h": 24.0, "d": 20.0}}]}, {"step_id": 15, "parts": [{"part_id": "92946.dat", "name": "92946", "color": 7, "color_hex": "#94a3b8", "matrix": [-0.4830000102519989, 0.2590000033378601, -0.8360000252723694, 6.818999767303467, 0.1289999932050705, 0.9660000205039978, 0.2240000069141388, -142.96499633789062, 0.8659999966621399, 0.0, -0.5, -184.0189971923828, 0.0, 0.0, 0.0, 1.0], "dimensions": {"w": 20.0, "h": 24.0, "d": 20.0}}, {"part_id": "92946.dat", "name": "92946", "color": 7, "color_hex": "#94a3b8", "matrix": [-0.4830000102519989, 0.2590000033378601, -0.8360000252723694, -2.8410000801086426, 0.1289999932050705, 0.9660000205039978, 0.2240000069141388, -140.3769989013672, 0.8659999966621399, 0.0, -0.5, -166.69900512695312, 0.0, 0.0, 0.0, 1.0], "dimensions": {"w": 20.0, "h": 24.0, "d": 20.0}}, {"part_id": "92946.dat", "name": "92946", "color": 7, "color_hex": "#94a3b8", "matrix": [0.4830000102519989, 0.2590000033378601, 0.8360000252723694, -26.64299964904785, -0.1289999932050705, 0.9660000205039978, -0.2240000069141388, -133.99899291992188, -0.8659999966621399, 0.0, 0.5, -204.01901245117188, 0.0, 0.0, 0.0, 1.0], "dimensions": {"w": 20.0, "h": 24.0, "d": 20.0}}, {"part_id": "92946.dat", "name": "92946", "color": 7, "color_hex": "#94a3b8", "matrix": [0.4830000102519989, 0.2590000033378601, 0.8360000252723694, -36.301998138427734, -0.1289999932050705, 0.9660000205039978, -0.2240000069141388, -131.41099548339844, -0.8659999966621399, 0.0, 0.5, -186.6990203857422, 0.0, 0.0, 0.0, 1.0], "dimensions": {"w": 20.0, "h": 24.0, "d": 20.0}}]}, {"step_id": 16, "parts": [{"part_id": "3020.dat", "name": "3020", "color": 7, "color_hex": "#94a3b8", "matrix": [0.4830000102519989, 0.2590000033378601, 0.8360000252723694, -7.1529998779296875, -0.1289999932050705, 0.9660000205039978, -0.2240000069141388, -147.50399780273438, -0.8659999966621399, 0.0, 0.5, -202.6790008544922, 0.0, 0.0, 0.0, 1.0], "dimensions": {"w": 40.0, "h": 8.0, "d": 80.0}}]}, {"step_id": 17, "parts": [{"part_id": "3068b.dat", "name": "3068", "color": 7, "color_hex": "#94a3b8", "matrix": [0.4830000102519989, 0.2590000033378601, 0.8360000252723694, -18.882999420166016, -0.1289999932050705, 0.9660000205039978, -0.2240000069141388, -152.64300537109375, -0.8659999966621399, 0.0, 0.5, -185.35899353027344, 0.0, 0.0, 0.0, 1.0], "dimensions": {"w": 20.0, "h": 24.0, "d": 20.0}}]}, {"step_id": 18, "parts": [{"part_id": "3023.dat", "name": "3023", "color": 4, "color_hex": "#b91c1c", "matrix": [0.8360000252723694, -0.4830000102519989, -0.2590000033378601, 42.07699966430664, -0.2240000069141388, 0.1289999932050705, -0.9660000205039978, -133.7779998779297, 0.5, 0.8659999966621399, 0.0, -278.8900146484375, 0.0, 0.0, 0.0, 1.0], "dimensions": {"w": 20.0, "h": 8.0, "d": 40.0}}, {"part_id": "15208.dat", "name": "15208", "color": 7, "color_hex": "#94a3b8", "matrix": [0.8360000252723694, -0.4830000102519989, -0.2590000033378601, 47.25299835205078, -0.2240000069141388, 0.1289999932050705, -0.9660000205039978, -114.4590072631836, 0.5, 0.8659999966621399, 0.0, -278.8900146484375, 0.0, 0.0, 0.0, 1.0], "dimensions": {"w": 20.0, "h": 24.0, "d": 20.0}}]}, {"step_id": 19, "parts": [{"part_id": "47457.dat", "name": "47457", "color": 15, "color_hex": "#f8fafc", "matrix": [0.8360000252723694, -0.4830000102519989, -0.2590000033378601, 49.80400085449219, -0.2240000069141388, 0.1289999932050705, -0.9660000205039978, -135.84800720214844, 0.5, 0.8659999966621399, 0.0, -292.7460021972656, 0.0, 0.0, 0.0, 1.0], "dimensions": {"w": 20.0, "h": 24.0, "d": 20.0}}]}, {"step_id": 20, "parts": [{"part_id": "85984.dat", "name": "85984", "color": 7, "color_hex": "#94a3b8", "matrix": [0.8360000252723694, -0.4830000102519989, -0.2590000033378601, 49.80400085449219, -0.2240000069141388, 0.1289999932050705, -0.9660000205039978, -135.84800720214844, 0.5, 0.8659999966621399, 0.0, -292.7460021972656, 0.0, 0.0, 0.0, 1.0], "dimensions": {"w": 20.0, "h": 24.0, "d": 20.0}}]}, {"step_id": 21, "parts": [{"part_id": "43712.dat", "name": "43712", "color": 7, "color_hex": "#94a3b8", "matrix": [0.8360000252723694, 0.2590000033378601, -0.4830000102519989, 0.43599995970726013, -0.2240000069141388, 0.9660000205039978, 0.1289999932050705, -157.81900024414062, 0.5, 0.0, 0.8659999966621399, -220.0, 0.0, 0.0, 0.0, 1.0], "dimensions": {"w": 20.0, "h": 24.0, "d": 20.0}}]}, {"step_id": 22, "parts": [{"part_id": "3023.dat", "name": "3023", "color": 4, "color_hex": "#b91c1c", "matrix": [0.8360000252723694, 0.2590000033378601, -0.4830000102519989, -3.006999969482422, -0.2240000069141388, 0.9660000205039978, 0.1289999932050705, -74.07499694824219, 0.5, 0.0, 0.8659999966621399, -176.69900512695312, 0.0, 0.0, 0.0, 1.0], "dimensions": {"w": 20.0, "h": 8.0, "d": 40.0}}, {"part_id": "4032a.dat", "name": "4032a", "color": 4, "color_hex": "#b91c1c", "matrix": [0.8360000252723694, 0.2590000033378601, -0.4830000102519989, -0.24799999594688416, -0.2240000069141388, 0.9660000205039978, 0.1289999932050705, -83.09600067138672, 0.5, 0.0, 0.8659999966621399, -185.35899353027344, 0.0, 0.0, 0.0, 1.0], "dimensions": {"w": 20.0, "h": 24.0, "d": 20.0}}, {"part_id": "3022.dat", "name": "3022", "color": 15, "color_hex": "#f8fafc", "matrix": [0.8360000252723694, 0.2590000033378601, -0.4830000102519989, 3.8929998874664307, -0.2240000069141388, 0.9660000205039978, 0.1289999932050705, -67.64099884033203, 0.5, 0.0, 0.8659999966621399, -185.35899353027344, 0.0, 0.0, 0.0, 1.0], "dimensions": {"w": 40.0, "h": 8.0, "d": 40.0}}, {"part_id": "48336.dat", "name": "48336", "color": 15, "color_hex": "#f8fafc", "matrix": [0.8360000252723694, 0.2590000033378601, -0.4830000102519989, 6.6519999504089355, -0.2240000069141388, 0.9660000205039978, 0.1289999932050705, -76.66300201416016, 0.5, 0.0, 0.8659999966621399, -194.0189971923828, 0.0, 0.0, 0.0, 1.0], "dimensions": {"w": 20.0, "h": 24.0, "d": 20.0}}]}, {"step_id": 23, "parts": [{"part_id": "99207.dat", "name": "99207", "color": 15, "color_hex": "#f8fafc", "matrix": [-0.4830000102519989, 0.2590000033378601, -0.8360000252723694, 14.329000473022461, 0.1289999932050705, 0.9660000205039978, 0.2240000069141388, -62.154998779296875, 0.8659999966621399, 0.0, -0.5, -180.35899353027344, 0.0, 0.0, 0.0, 1.0], "dimensions": {"w": 20.0, "h": 24.0, "d": 20.0}}, {"part_id": "99207.dat", "name": "99207", "color": 15, "color_hex": "#f8fafc", "matrix": [0.4830000102519989, 0.2590000033378601, 0.8360000252723694, -2.4010000228881836, -0.1289999932050705, 0.9660000205039978, -0.2240000069141388, -57.673004150390625, -0.8659999966621399, 0.0, 0.5, -190.35899353027344, 0.0, 0.0, 0.0, 1.0], "dimensions": {"w": 20.0, "h": 24.0, "d": 20.0}}]}, {"step_id": 24, "parts": [{"part_id": "3021.dat", "name": "Plate 2x3", "color": 4, "color_hex": "#b91c1c", "matrix": [-0.2590000033378601, 0.8360000252723694, -0.4830000102519989, -31.67500114440918, -0.9660000205039978, -0.2240000069141388, 0.1289999932050705, -93.30999755859375, 0.0, 0.5, 0.8659999966621399, -201.35899353027344, 0.0, 0.0, 0.0, 1.0], "dimensions": {"w": 40.0, "h": 8.0, "d": 60.0}}, {"part_id": "15208.dat", "name": "15208", "color": 7, "color_hex": "#94a3b8", "matrix": [0.4830000102519989, 0.8360000252723694, -0.2590000033378601, -9.01099967956543, -0.1289999932050705, -0.2240000069141388, -0.9660000205039978, -99.38300323486328, -0.8659999966621399, 0.5, 0.0, -234.0, 0.0, 0.0, 0.0, 1.0], "dimensions": {"w": 20.0, "h": 24.0, "d": 20.0}}]}, {"step_id": 25, "parts": [{"part_id": "85984.dat", "name": "85984", "color": 7, "color_hex": "#94a3b8", "matrix": [-0.2590000033378601, 0.8360000252723694, -0.4830000102519989, -39.09300231933594, -0.9660000205039978, -0.2240000069141388, 0.1289999932050705, -101.67500305175781, 0.0, 0.5, 0.8659999966621399, -192.69900512695312, 0.0, 0.0, 0.0, 1.0], "dimensions": {"w": 20.0, "h": 24.0, "d": 20.0}}, {"part_id": "85984.dat", "name": "85984", "color": 7, "color_hex": "#94a3b8", "matrix": [-0.2590000033378601, 0.8360000252723694, -0.4830000102519989, -29.43400001525879, -0.9660000205039978, -0.2240000069141388, 0.1289999932050705, -104.26399993896484, 0.0, 0.5, 0.8659999966621399, -210.0189971923828, 0.0, 0.0, 0.0, 1.0], "dimensions": {"w": 20.0, "h": 24.0, "d": 20.0}}]}, {"step_id": 26, "parts": [{"part_id": "15068.dat", "name": "15068", "color": 15, "color_hex": "#f8fafc", "matrix": [0.4830000102519989, 0.8360000252723694, -0.2590000033378601, -17.2189998626709, -0.1289999932050705, -0.2240000069141388, -0.9660000205039978, -66.1259994506836, -0.8659999966621399, 0.5, 0.0, -197.35899353027344, 0.0, 0.0, 0.0, 1.0], "dimensions": {"w": 20.0, "h": 24.0, "d": 20.0}}]}, {"step_id": 27, "parts": [{"part_id": "11477.dat", "name": "Plate W. Bow 1x2x2/3", "color": 7, "color_hex": "#94a3b8", "matrix": [-0.2590000033378601, 0.8360000252723694, -0.4830000102519989, 21.48200035095215, -0.9660000205039978, -0.2240000069141388, 0.1289999932050705, -128.25900268554688, 0.0, 0.5, 0.8659999966621399, -281.9620056152344, 0.0, 0.0, 0.0, 1.0], "dimensions": {"w": 20.0, "h": 24.0, "d": 20.0}}, {"part_id": "3024.dat", "name": "3024", "color": 7, "color_hex": "#94a3b8", "matrix": [-0.2590000033378601, 0.8360000252723694, -0.4830000102519989, 9.961000442504883, -0.9660000205039978, -0.2240000069141388, 0.1289999932050705, -125.1719970703125, 0.0, 0.5, 0.8659999966621399, -277.3009948730469, 0.0, 0.0, 0.0, 1.0], "dimensions": {"w": 20.0, "h": 8.0, "d": 20.0}}]}, {"step_id": 28, "parts": [{"part_id": "43722.dat", "name": "43722", "color": 15, "color_hex": "#f8fafc", "matrix": [-0.2590000033378601, 0.8360000252723694, -0.4830000102519989, -8.28499984741211, -0.9660000205039978, -0.2240000069141388, 0.1289999932050705, -89.2249984741211, 0.0, 0.5, 0.8659999966621399, -246.66000366210938, 0.0, 0.0, 0.0, 1.0], "dimensions": {"w": 20.0, "h": 24.0, "d": 20.0}}, {"part_id": "29119.dat", "name": "29119", "color": 15, "color_hex": "#f8fafc", "matrix": [-0.2590000033378601, 0.8360000252723694, -0.4830000102519989, 26.658998489379883, -0.9660000205039978, -0.2240000069141388, 0.1289999932050705, -108.94100189208984, 0.0, 0.5, 0.8659999966621399, -281.9620056152344, 0.0, 0.0, 0.0, 1.0], "dimensions": {"w": 20.0, "h": 24.0, "d": 20.0}}, {"part_id": "15208.dat", "name": "15208", "color": 7, "color_hex": "#94a3b8", "matrix": [0.4830000102519989, 0.8360000252723694, -0.2590000033378601, 10.307999610900879, -0.1289999932050705, -0.2240000069141388, -0.9660000205039978, -104.55999755859375, -0.8659999966621399, 0.5, 0.0, -268.6409912109375, 0.0, 0.0, 0.0, 1.0], "dimensions": {"w": 20.0, "h": 24.0, "d": 20.0}}]}, {"step_id": 29, "parts": [{"part_id": "3021.dat", "name": "Plate 2x3", "color": 4, "color_hex": "#b91c1c", "matrix": [-0.2590000033378601, -0.8360000252723694, 0.4830000102519989, 21.86199951171875, -0.9660000205039978, 0.2240000069141388, -0.1289999932050705, -107.65599822998047, 0.0, -0.5, -0.8659999966621399, -169.35899353027344, 0.0, 0.0, 0.0, 1.0], "dimensions": {"w": 40.0, "h": 8.0, "d": 60.0}}, {"part_id": "15208.dat", "name": "15208", "color": 7, "color_hex": "#94a3b8", "matrix": [-0.4830000102519989, -0.8360000252723694, -0.2590000033378601, 37.834999084472656, 0.1289999932050705, 0.2240000069141388, -0.9660000205039978, -111.93499755859375, 0.8659999966621399, -0.5, 0.0, -206.0, 0.0, 0.0, 0.0, 1.0], "dimensions": {"w": 20.0, "h": 24.0, "d": 20.0}}]}, {"step_id": 30, "parts": [{"part_id": "85984.dat", "name": "85984", "color": 7, "color_hex": "#94a3b8", "matrix": [0.2590000033378601, -0.8360000252723694, -0.4830000102519989, 14.444000244140625, 0.9660000205039978, 0.2240000069141388, 0.1289999932050705, -116.02099609375, 0.0, -0.5, 0.8659999966621399, -160.69900512695312, 0.0, 0.0, 0.0, 1.0], "dimensions": {"w": 20.0, "h": 24.0, "d": 20.0}}, {"part_id": "85984.dat", "name": "85984", "color": 7, "color_hex": "#94a3b8", "matrix": [0.2590000033378601, -0.8360000252723694, -0.4830000102519989, 24.10300064086914, 0.9660000205039978, 0.2240000069141388, 0.1289999932050705, -118.6090087890625, 0.0, -0.5, 0.8659999966621399, -178.0189971923828, 0.0, 0.0, 0.0, 1.0], "dimensions": {"w": 20.0, "h": 24.0, "d": 20.0}}]}, {"step_id": 31, "parts": [{"part_id": "15068.dat", "name": "15068", "color": 15, "color_hex": "#f8fafc", "matrix": [-0.4830000102519989, -0.8360000252723694, -0.2590000033378601, 22.934999465942383, 0.1289999932050705, 0.2240000069141388, -0.9660000205039978, -76.88500213623047, 0.8659999966621399, -0.5, 0.0, -173.35899353027344, 0.0, 0.0, 0.0, 1.0], "dimensions": {"w": 20.0, "h": 24.0, "d": 20.0}}]}, {"step_id": 32, "parts": [{"part_id": "3024.dat", "name": "3024", "color": 7, "color_hex": "#94a3b8", "matrix": [0.2590000033378601, -0.8360000252723694, -0.4830000102519989, 56.80600357055664, 0.9660000205039978, 0.2240000069141388, 0.1289999932050705, -137.7239990234375, 0.0, -0.5, 0.8659999966621399, -249.30099487304688, 0.0, 0.0, 0.0, 1.0], "dimensions": {"w": 20.0, "h": 8.0, "d": 20.0}}, {"part_id": "11477.dat", "name": "Plate W. Bow 1x2x2/3", "color": 7, "color_hex": "#94a3b8", "matrix": [0.2590000033378601, -0.8360000252723694, -0.4830000102519989, 54.944000244140625, 0.9660000205039978, 0.2240000069141388, 0.1289999932050705, -137.22500610351562, 0.0, -0.5, 0.8659999966621399, -261.9620056152344, 0.0, 0.0, 0.0, 1.0], "dimensions": {"w": 20.0, "h": 24.0, "d": 20.0}}]}, {"step_id": 33, "parts": [{"part_id": "43723.dat", "name": "43723", "color": 15, "color_hex": "#f8fafc", "matrix": [0.2590000033378601, -0.8360000252723694, -0.4830000102519989, 51.944000244140625, 0.9660000205039978, 0.2240000069141388, 0.1289999932050705, -105.36299896240234, 0.0, -0.5, 0.8659999966621399, -210.66000366210938, 0.0, 0.0, 0.0, 1.0], "dimensions": {"w": 20.0, "h": 24.0, "d": 20.0}}, {"part_id": "29120.dat", "name": "29120", "color": 15, "color_hex": "#f8fafc", "matrix": [0.2590000033378601, -0.8360000252723694, -0.4830000102519989, 60.1199951171875, 0.9660000205039978, 0.2240000069141388, 0.1289999932050705, -117.90699005126953, 0.0, -0.5, 0.8659999966621399, -261.9620056152344, 0.0, 0.0, 0.0, 1.0], "dimensions": {"w": 20.0, "h": 24.0, "d": 20.0}}, {"part_id": "15208.dat", "name": "15208", "color": 7, "color_hex": "#94a3b8", "matrix": [-0.4830000102519989, -0.8360000252723694, -0.2590000033378601, 57.15299987792969, 0.1289999932050705, 0.2240000069141388, -0.9660000205039978, -117.11199951171875, 0.8659999966621399, -0.5, 0.0, -240.64100646972656, 0.0, 0.0, 0.0, 1.0], "dimensions": {"w": 20.0, "h": 24.0, "d": 20.0}}]}, {"step_id": 34, "parts": [{"part_id": "2654.dat", "name": "2654", "color": 15, "color_hex": "#f8fafc", "matrix": [0.8360000252723694, 0.07800000160932541, -0.5429999828338623, 35.439998626708984, -0.2240000069141388, 0.9520000219345093, -0.20900000631809235, -42.499000549316406, 0.5, 0.29600000381469727, 0.8140000104904175, -226.8679962158203, 0.0, 0.0, 0.0, 1.0], "dimensions": {"w": 20.0, "h": 24.0, "d": 20.0}}]}, {"step_id": 35, "parts": [{"part_id": "26604.dat", "name": "26604", "color": 7, "color_hex": "#94a3b8", "matrix": [-0.5429999828338623, 0.07800000160932541, -0.8360000252723694, 36.49800109863281, -0.20900000631809235, 0.9520000219345093, 0.2240000069141388, -69.677001953125, 0.8140000104904175, 0.29600000381469727, -0.5, -220.83200073242188, 0.0, 0.0, 0.0, 1.0], "dimensions": {"w": 20.0, "h": 24.0, "d": 20.0}}, {"part_id": "26604.dat", "name": "26604", "color": 7, "color_hex": "#94a3b8", "matrix": [-0.8360000252723694, 0.07800000160932541, 0.5429999828338623, 19.777996063232422, 0.2240000069141388, 0.9520000219345093, 0.20900000631809235, -65.1969985961914, -0.5, 0.29600000381469727, -0.8140000104904175, -230.83200073242188, 0.0, 0.0, 0.0, 1.0], "dimensions": {"w": 20.0, "h": 24.0, "d": 20.0}}, {"part_id": "3020.dat", "name": "3020", "color": 15, "color_hex": "#f8fafc", "matrix": [0.33000001311302185, 0.2590000033378601, 0.9079999923706055, -21.739999771118164, -0.08900000154972076, 0.9660000205039978, -0.24300000071525574, -52.49100112915039, -0.9399999976158142, 0.0, 0.34200000762939453, -121.79100036621094, 0.0, 0.0, 0.0, 1.0], "dimensions": {"w": 40.0, "h": 8.0, "d": 80.0}}]}, {"step_id": 36, "parts": [{"part_id": "26604.dat", "name": "26604", "color": 7, "color_hex": "#94a3b8", "matrix": [0.8360000252723694, 0.07800000160932541, -0.5429999828338623, 47.35799789428711, -0.2240000069141388, 0.9520000219345093, -0.20900000631809235, -65.49700164794922, 0.5, 0.29600000381469727, 0.8140000104904175, -237.1120147705078, 0.0, 0.0, 0.0, 1.0], "dimensions": {"w": 20.0, "h": 24.0, "d": 20.0}}, {"part_id": "26604.dat", "name": "26604", "color": 7, "color_hex": "#94a3b8", "matrix": [0.5429999828338623, 0.07800000160932541, 0.8360000252723694, 30.637998580932617, 0.20900000631809235, 0.9520000219345093, -0.2240000069141388, -61.016998291015625, -0.8140000104904175, 0.29600000381469727, 0.5, -247.1119842529297, 0.0, 0.0, 0.0, 1.0], "dimensions": {"w": 20.0, "h": 24.0, "d": 20.0}}, {"part_id": "4871.dat", "name": "4871", "color": 15, "color_hex": "#f8fafc", "matrix": [0.33000001311302185, 0.2590000033378601, 0.9079999923706055, -21.355998992919922, -0.08900000154972076, 0.9660000205039978, -0.24300000071525574, -77.45500183105469, -0.9399999976158142, 0.0, 0.34200000762939453, -140.59100341796875, 0.0, 0.0, 0.0, 1.0], "dimensions": {"w": 20.0, "h": 24.0, "d": 20.0}}, {"part_id": "42023.dat", "name": "42023", "color": 15, "color_hex": "#f8fafc", "matrix": [-0.9509999752044678, 0.2590000033378601, 0.1679999977350235, -51.95100021362305, 0.2549999952316284, 0.9660000205039978, -0.04500000178813934, -77.52399444580078, -0.17399999499320984, 0.0, -0.9850000143051147, -15.345996856689453, 0.0, 0.0, 0.0, 1.0], "dimensions": {"w": 20.0, "h": 24.0, "d": 20.0}}, {"part_id": "42023.dat", "name": "42023", "color": 15, "color_hex": "#f8fafc", "matrix": [-0.9509999752044678, 0.2590000033378601, 0.1679999977350235, -70.97100067138672, 0.2549999952316284, 0.9660000205039978, -0.04500000178813934, -72.42399597167969, -0.17399999499320984, 0.0, -0.9850000143051147, -18.826000213623047, 0.0, 0.0, 0.0, 1.0], "dimensions": {"w": 20.0, "h": 24.0, "d": 20.0}}]}, {"step_id": 37, "parts": [{"part_id": "60470b.dat", "name": "60470", "color": 4, "color_hex": "#b91c1c", "matrix": [-0.8360000252723694, 0.07800000160932541, 0.5429999828338623, 27.513999938964844, 0.2240000069141388, 0.9520000219345093, 0.20900000631809235, -75.0530014038086, -0.5, 0.29600000381469727, -0.8140000104904175, -228.1999969482422, 0.0, 0.0, 0.0, 1.0], "dimensions": {"w": 20.0, "h": 24.0, "d": 20.0}}, {"part_id": "72454.dat", "name": "72454", "color": 15, "color_hex": "#f8fafc", "matrix": [0.33000001311302185, 0.2590000033378601, 0.9079999923706055, -41.15599822998047, -0.08900000154972076, 0.9660000205039978, -0.24300000071525574, -72.11500549316406, -0.9399999976158142, 0.0, 0.34200000762939453, -84.19100189208984, 0.0, 0.0, 0.0, 1.0], "dimensions": {"w": 20.0, "h": 24.0, "d": 20.0}}, {"part_id": "3022.dat", "name": "3022", "color": 15, "color_hex": "#f8fafc", "matrix": [-0.9509999752044678, 0.2590000033378601, 0.1679999977350235, -76.9729995727539, 0.2549999952316284, 0.9660000205039978, -0.04500000178813934, -79.10199737548828, -0.17399999499320984, 0.0, -0.9850000143051147, 61.7140007019043, 0.0, 0.0, 0.0, 1.0], "dimensions": {"w": 40.0, "h": 8.0, "d": 40.0}}, {"part_id": "44302a.dat", "name": "44302a", "color": 0, "color_hex": "#1b1c1e", "matrix": [0.30799999833106995, -0.01600000075995922, 0.9509999752044678, -94.54100036621094, 0.8140000104904175, 0.5220000147819519, -0.2549999952316284, -107.50399780273438, -0.49300000071525574, 0.8529999852180481, 0.17399999499320984, 116.26399993896484, 0.0, 0.0, 0.0, 1.0], "dimensions": {"w": 20.0, "h": 24.0, "d": 20.0}}, {"part_id": "3666.dat", "name": "3666", "color": 7, "color_hex": "#94a3b8", "matrix": [0.30799999833106995, -0.01600000075995922, 0.9509999752044678, -106.98899841308594, 0.8140000104904175, 0.5220000147819519, -0.2549999952316284, -135.88800048828125, -0.49300000071525574, 0.8529999852180481, 0.17399999499320984, 142.80799865722656, 0.0, 0.0, 0.0, 1.0], "dimensions": {"w": 20.0, "h": 8.0, "d": 120.0}}]}, {"step_id": 38, "parts": [{"part_id": "15068.dat", "name": "15068", "color": 7, "color_hex": "#94a3b8", "matrix": [0.8360000252723694, 0.07800000160932541, -0.5429999828338623, 33.567996978759766, -0.2240000069141388, 0.9520000219345093, -0.20900000631809235, -65.34700012207031, 0.5, 0.29600000381469727, 0.8140000104904175, -233.9720001220703, 0.0, 0.0, 0.0, 1.0], "dimensions": {"w": 20.0, "h": 24.0, "d": 20.0}}, {"part_id": "3001.dat", "name": "Brick 2x4", "color": 4, "color_hex": "#b91c1c", "matrix": [0.33000001311302185, 0.2590000033378601, 0.9079999923706055, -36.62799835205078, -0.08900000154972076, 0.9660000205039978, -0.24300000071525574, -81.62300109863281, -0.9399999976158142, 0.0, 0.34200000762939453, -102.99099731445312, 0.0, 0.0, 0.0, 1.0], "dimensions": {"w": 40.0, "h": 24.0, "d": 80.0}}, {"part_id": "2540.dat", "name": "2540", "color": 0, "color_hex": "#1b1c1e", "matrix": [-0.1679999977350235, 0.2590000033378601, -0.9509999752044678, -60.74300003051758, 0.04500000178813934, 0.9660000205039978, 0.2549999952316284, -83.45199584960938, 0.9850000143051147, 0.0, -0.17399999499320984, 24.054000854492188, 0.0, 0.0, 0.0, 1.0], "dimensions": {"w": 20.0, "h": 24.0, "d": 20.0}}, {"part_id": "2540.dat", "name": "2540", "color": 0, "color_hex": "#1b1c1e", "matrix": [0.1679999977350235, 0.2590000033378601, 0.9509999752044678, -79.76300048828125, -0.04500000178813934, 0.9660000205039978, -0.2549999952316284, -78.35199737548828, -0.9850000143051147, 0.0, 0.17399999499320984, 20.57400131225586, 0.0, 0.0, 0.0, 1.0], "dimensions": {"w": 20.0, "h": 24.0, "d": 20.0}}, {"part_id": "3623.dat", "name": "3623", "color": 7, "color_hex": "#94a3b8", "matrix": [0.30799999833106995, -0.01600000075995922, 0.9509999752044678, -109.94100189208984, 0.8140000104904175, 0.5220000147819519, -0.2549999952316284, -148.20399475097656, -0.49300000071525574, 0.8529999852180481, 0.17399999499320984, 140.91400146484375, 0.0, 0.0, 0.0, 1.0], "dimensions": {"w": 20.0, "h": 24.0, "d": 20.0}}, {"part_id": "44301.dat", "name": "44301", "color": 15, "color_hex": "#f8fafc", "matrix": [0.020999999716877937, -0.30799999833106995, -0.9509999752044678, -85.33200073242188, -0.5080000162124634, -0.8230000138282776, 0.2549999952316284, -65.16999816894531, -0.8610000014305115, 0.4779999852180481, -0.17399999499320984, 127.95999908447266, 0.0, 0.0, 0.0, 1.0], "dimensions": {"w": 20.0, "h": 24.0, "d": 20.0}}, {"part_id": "3024.dat", "name": "3024", "color": 7, "color_hex": "#94a3b8", "matrix": [-0.9509999752044678, -0.30799999833106995, -0.020999999716877937, -82.65799713134766, 0.2549999952316284, -0.8230000138282776, 0.5080000162124634, -63.66599655151367, -0.17399999499320984, 0.4779999852180481, 0.8610000014305115, 115.5260009765625, 0.0, 0.0, 0.0, 1.0], "dimensions": {"w": 20.0, "h": 8.0, "d": 20.0}}, {"part_id": "61678.dat", "name": "61678", "color": 7, "color_hex": "#94a3b8", "matrix": [0.9509999752044678, -0.30799999833106995, 0.020999999716877937, -80.8239974975586, -0.2549999952316284, -0.8230000138282776, -0.5080000162124634, -41.841