{
  "nodes": [
    {
      "id": "3795",
      "color": "solid_light_gray",
      "matrix": [
        -0.4830000102519989,
        -0.2590000033378601,
        0.8360000252723694,
        0.006800000090152025,
        -0.1289999932050705,
        0.9660000205039978,
        0.2240000069141388,
        0.03840000182390213,
        -0.8659999966621399,
        0.0,
        -0.5,
        0.08799999952316284,
        0.0,
        0.0,
        0.0,
        1.0
      ],
      "step": 0
    },
    {
      "id": "14704",
      "color": "solid_light_gray",
      "matrix": [
        -0.8360000252723694,
        -0.2590000033378601,
        -0.4830000102519989,
        -0.0036875999066978693,
        -0.2240000069141388,
        0.9660000205039978,
        -0.1289999932050705,
        0.038902800530195236,
        0.5,
        0.0,
        -0.8659999966621399,
        0.07067960500717163,
        0.0,
        0.0,
        0.0,
        1.0
      ],
      "step": 0
    },
    {
      "id": "3023",
      "color": "solid_light_gray",
      "matrix": [
        -0.8360000252723694,
        -0.2590000033378601,
        -0.4830000102519989,
        0.00017640000442042947,
        -0.2240000069141388,
        0.9660000205039978,
        -0.1289999932050705,
        0.03993799909949303,
        0.5,
        0.0,
        -0.8659999966621399,
        0.07760760188102722,
        0.0,
        0.0,
        0.0,
        1.0
      ],
      "step": 1
    },
    {
      "id": "3022",
      "color": "solid_red",
      "matrix": [
        -0.8360000252723694,
        -0.2590000033378601,
        -0.4830000102519989,
        -0.0025840001180768013,
        -0.2240000069141388,
        0.9660000205039978,
        -0.1289999932050705,
        0.04251119866967201,
        0.5,
        0.0,
        -0.8659999966621399,
        0.07414359599351883,
        0.0,
        0.0,
        0.0,
        1.0
      ],
      "step": 2
    },
    {
      "id": "4032a",
      "color": "solid_red",
      "matrix": [
        -0.8360000252723694,
        -0.2590000033378601,
        -0.4830000102519989,
        -0.0034119999036192894,
        -0.2240000069141388,
        0.9660000205039978,
        -0.1289999932050705,
        0.04560239985585213,
        0.5,
        0.0,
        -0.8659999966621399,
        0.07414359599351883,
        0.0,
        0.0,
        0.0,
        1.0
      ],
      "step": 3
    },
    {
      "id": "3023",
      "color": "solid_light_gray",
      "matrix": [
        -0.8360000252723694,
        -0.2590000033378601,
        -0.4830000102519989,
        -0.0023083998821675777,
        -0.2240000069141388,
        0.9660000205039978,
        -0.1289999932050705,
        0.0492108017206192,
        0.5,
        0.0,
        -0.8659999966621399,
        0.07760760188102722,
        0.0,
        0.0,
        0.0,
        1.0
      ],
      "step": 4
    },
    {
      "id": "14704",
      "color": "solid_light_gray",
      "matrix": [
        -0.8360000252723694,
        -0.2590000033378601,
        -0.4830000102519989,
        -0.006171999964863062,
        -0.2240000069141388,
        0.9660000205039978,
        -0.1289999932050705,
        0.04817559942603111,
        0.5,
        0.0,
        -0.8659999966621399,
        0.07067960500717163,
        0.0,
        0.0,
        0.0,
        1.0
      ],
      "step": 4
    },
    {
      "id": "44728",
      "color": "solid_red",
      "matrix": [
        -0.4830000102519989,
        -0.2590000033378601,
        0.8360000252723694,
        -0.001722400076687336,
        -0.1289999932050705,
        0.9660000205039978,
        0.2240000069141388,
        0.05268079787492752,
        -0.8659999966621399,
        0.0,
        -0.5,
        0.07214359939098358,
        0.0,
        0.0,
        0.0,
        1.0
      ],
      "step": 5
    },
    {
      "id": "44728",
      "color": "solid_red",
      "matrix": [
        0.4830000102519989,
        -0.2590000033378601,
        -0.8360000252723694,
        -0.008414399810135365,
        0.1289999932050705,
        0.9660000205039978,
        -0.2240000069141388,
        0.05088759958744049,
        0.8659999966621399,
        0.0,
        0.5,
        0.07614360004663467,
        0.0,
        0.0,
        0.0,
        1.0
      ],
      "step": 5
    },
    {
      "id": "22885",
      "color": "solid_red",
      "matrix": [
        0.4830000102519989,
        -0.2590000033378601,
        -0.8360000252723694,
        -0.0006871999939903617,
        0.1289999932050705,
        0.9660000205039978,
        -0.2240000069141388,
        0.052958399057388306,
        0.8659999966621399,
        0.0,
        0.5,
        0.09000000357627869,
        0.0,
        0.0,
        0.0,
        1.0
      ],
      "step": 6
    },
    {
      "id": "3023",
      "color": "solid_red",
      "matrix": [
        0.4830000102519989,
        -0.8360000252723694,
        0.2590000033378601,
        -0.005674799904227257,
        0.1289999932050705,
        -0.2240000069141388,
        -0.9660000205039978,
        0.04748080298304558,
        0.8659999966621399,
        0.5,
        0.0,
        0.09359999746084213,
        0.0,
        0.0,
        0.0,
        1.0
      ],
      "step": 6
    },
    {
      "id": "54200",
      "color": "solid_light_gray",
      "matrix": [
        -0.2590000033378601,
        -0.8360000252723694,
        0.4830000102519989,
        -0.007606800179928541,
        0.9660000205039978,
        -0.2240000069141388,
        0.1289999932050705,
        0.046963199973106384,
        0.0,
        0.5,
        0.8659999966621399,
        0.09013599902391434,
        0.0,
        0.0,
        0.0,
        1.0
      ],
      "step": 6
    },
    {
      "id": "54200",
      "color": "solid_light_gray",
      "matrix": [
        -0.2590000033378601,
        -0.8360000252723694,
        0.4830000102519989,
        -0.0037431998644024134,
        0.9660000205039978,
        -0.2240000069141388,
        0.1289999932050705,
        0.04799840226769447,
        0.0,
        0.5,
        0.8659999966621399,
        0.09706400334835052,
        0.0,
        0.0,
        0.0,
        1.0
      ],
      "step": 6
    },
    {
      "id": "22885",
      "color": "solid_red",
      "matrix": [
        -0.4830000102519989,
        -0.2590000033378601,
        0.8360000252723694,
        0.006004800088703632,
        -0.1289999932050705,
        0.9660000205039978,
        0.2240000069141388,
        0.0547512024641037,
        -0.8659999966621399,
        0.0,
        -0.5,
        0.0860000029206276,
        0.0,
        0.0,
        0.0,
        1.0
      ],
      "step": 7
    },
    {
      "id": "3023",
      "color": "solid_red",
      "matrix": [
        -0.4830000102519989,
        0.8360000252723694,
        0.2590000033378601,
        0.013063200749456882,
        -0.1289999932050705,
        0.2240000069141388,
        -0.9660000205039978,
        0.05250160023570061,
        -0.8659999966621399,
        -0.5,
        0.0,
        0.08240000158548355,
        0.0,
        0.0,
        0.0,
        1.0
      ],
      "step": 7
    },
    {
      "id": "54200",
      "color": "solid_light_gray",
      "matrix": [
        0.2590000033378601,
        0.8360000252723694,
        0.4830000102519989,
        0.011131600476801395,
        -0.9660000205039978,
        0.2240000069141388,
        0.1289999932050705,
        0.05198400095105171,
        0.0,
        -0.5,
        0.8659999966621399,
        0.07893599569797516,
        0.0,
        0.0,
        0.0,
        1.0
      ],
      "step": 7
    },
    {
      "id": "54200",
      "color": "solid_light_gray",
      "matrix": [
        0.2590000033378601,
        0.8360000252723694,
        0.4830000102519989,
        0.014995199628174305,
        -0.9660000205039978,
        0.2240000069141388,
        0.1289999932050705,
        0.0530192032456398,
        0.0,
        -0.5,
        0.8659999966621399,
        0.08586400002241135,
        0.0,
        0.0,
        0.0,
        1.0
      ],
      "step": 7
    },
    {
      "id": "99206",
      "color": "solid_red",
      "matrix": [
        0.8360000252723694,
        -0.2590000033378601,
        0.4830000102519989,
        0.014802799560129642,
        0.2240000069141388,
        0.9660000205039978,
        0.1289999932050705,
        0.0471700020134449,
        -0.5,
        0.0,
        0.8659999966621399,
        0.10532040148973465,
        0.0,
        0.0,
        0.0,
        1.0
      ],
      "step": 8
    },
    {
      "id": "3023",
      "color": "solid_light_gray",
      "matrix": [
        -0.8360000252723694,
        -0.2590000033378601,
        -0.4830000102519989,
        0.010939199477434158,
        -0.2240000069141388,
        0.9660000205039978,
        -0.1289999932050705,
        0.04613479971885681,
        0.5,
        0.0,
        -0.8659999966621399,
        0.09839240461587906,
        0.0,
        0.0,
        0.0,
        1.0
      ],
      "step": 9
    },
    {
      "id": "6541",
      "color": "solid_red",
      "matrix": [
        -0.4830000102519989,
        -0.2590000033378601,
        0.8360000252723694,
        0.011800399981439114,
        -0.1289999932050705,
        0.9660000205039978,
        0.2240000069141388,
        0.05630439892411232,
        -0.8659999966621399,
        0.0,
        -0.5,
        0.09639240056276321,
        0.0,
        0.0,
        0.0,
        1.0
      ],
      "step": 10
    },
    {
      "id": "2780",
      "color": "solid_black",
      "matrix": [
        0.8360000252723694,
        -0.2590000033378601,
        0.4830000102519989,
        0.016181999817490578,
        0.2240000069141388,
        0.9660000205039978,
        0.1289999932050705,
        0.05333720147609711,
        -0.5,
        0.0,
        0.8659999966621399,
        0.09439240396022797,
        0.0,
        0.0,
        0.0,
        1.0
      ],
      "step": 10
    },
    {
      "id": "6541",
      "color": "solid_red",
      "matrix": [
        0.4830000102519989,
        -0.2590000033378601,
        -0.8360000252723694,
        0.005108399782329798,
        0.1289999932050705,
        0.9660000205039978,
        -0.2240000069141388,
        0.05451120063662529,
        0.8659999966621399,
        0.0,
        0.5,
        0.1003924012184143,
        0.0,
        0.0,
        0.0,
        1.0
      ],
      "step": 10
    },
    {
      "id": "2780",
      "color": "solid_black",
      "matrix": [
        -0.8360000252723694,
        -0.2590000033378601,
        -0.4830000102519989,
        0.002797599881887436,
        -0.2240000069141388,
        0.9660000205039978,
        -0.1289999932050705,
        0.04975080117583275,
        0.5,
        0.0,
        -0.8659999966621399,
        0.10239239782094955,
        0.0,
        0.0,
        0.0,
        1.0
      ],
      "step": 10
    },
    {
      "id": "26604",
      "color": "solid_light_gray",
      "matrix": [
        0.8360000252723694,
        -0.2590000033378601,
        0.4830000102519989,
        0.015664000064134598,
        0.2240000069141388,
        0.9660000205039978,
        0.1289999932050705,
        0.05733960121870041,
        -0.5,
        0.0,
        0.8659999966621399,
        0.1033203974366188,
        0.0,
        0.0,
        0.0,
        1.0
      ],
      "step": 11
    },
    {
      "id": "26604",
      "color": "solid_light_gray",
      "matrix": [
        0.4830000102519989,
        -0.2590000033378601,
        -0.8360000252723694,
        0.00897200033068657,
        0.1289999932050705,
        0.9660000205039978,
        -0.2240000069141388,
        0.05554639920592308,
        0.8659999966621399,
        0.0,
        0.5,
        0.1073203980922699,
        0.0,
        0.0,
        0.0,
        1.0
      ],
      "step": 11
    },
    {
      "id": "3020",
      "color": "solid_red",
      "matrix": [
        0.4830000102519989,
        -0.2590000033378601,
        -0.8360000252723694,
        0.005694400053471327,
        0.1289999932050705,
        0.9660000205039978,
        -0.2240000069141388,
        0.05798120051622391,
        0.8659999966621399,
        0.0,
        0.5,
        0.09492839872837067,
        0.0,
        0.0,
        0.0,
        1.0
      ],
      "step": 12
    },
    {
      "id": "30374",
      "color": "solid_light_gray",
      "matrix": [
        0.4830000102519989,
        0.8360000252723694,
        -0.2590000033378601,
        0.022874001413583755,
        0.1289999932050705,
        0.2240000069141388,
        0.9660000205039978,
        0.05513039976358414,
        0.8659999966621399,
        -0.5,
        0.0,
        0.09039240330457687,
        0.0,
        0.0,
        0.0,
        1.0
      ],
      "step": 13
    },
    {
      "id": "18654",
      "color": "solid_light_gray",
      "matrix": [
        0.2590000033378601,
        0.8360000252723694,
        0.4830000102519989,
        0.019527999684214592,
        -0.9660000205039978,
        0.2240000069141388,
        0.1289999932050705,
        0.054233599454164505,
        0.0,
        -0.5,
        0.8659999966621399,
        0.09239239990711212,
        0.0,
        0.0,
        0.0,
        1.0
      ],
      "step": 14
    },
    {
      "id": "18654",
      "color": "solid_light_gray",
      "matrix": [
        0.2590000033378601,
        0.8360000252723694,
        0.4830000102519989,
        -0.0005484000430442393,
        -0.9660000205039978,
        0.2240000069141388,
        0.1289999932050705,
        0.04885439947247505,
        0.0,
        -0.5,
        0.8659999966621399,
        0.1043923944234848,
        0.0,
        0.0,
        0.0,
        1.0
      ],
      "step": 14
    },
    {
      "id": "92946",
      "color": "solid_light_gray",
      "matrix": [
        -0.4830000102519989,
        -0.2590000033378601,
        0.8360000252723694,
        0.0027275998145341873,
        -0.1289999932050705,
        0.9660000205039978,
        0.2240000069141388,
        0.05718600004911423,
        -0.8659999966621399,
        0.0,
        -0.5,
        0.07360760122537613,
        0.0,
        0.0,
        0.0,
        1.0
      ],
      "step": 15
    },
    {
      "id": "92946",
      "color": "solid_light_gray",
      "matrix": [
        -0.4830000102519989,
        -0.2590000033378601,
        0.8360000252723694,
        -0.0011364000383764505,
        -0.1289999932050705,
        0.9660000205039978,
        0.2240000069141388,
        0.05615079775452614,
        -0.8659999966621399,
        0.0,
        -0.5,
        0.06667960435152054,
        0.0,
        0.0,
        0.0,
        1.0
      ],
      "step": 15
    },
    {
      "id": "92946",
      "color": "solid_light_gray",
      "matrix": [
        0.4830000102519989,
        -0.2590000033378601,
        -0.8360000252723694,
        -0.010657199658453465,
        0.1289999932050705,
        0.9660000205039978,
        -0.2240000069141388,
        0.05359959602355957,
        0.8659999966621399,
        0.0,
        0.5,
        0.08160760253667831,
        0.0,
        0.0,
        0.0,
        1.0
      ],
      "step": 15
    },
    {
      "id": "92946",
      "color": "solid_light_gray",
      "matrix": [
        0.4830000102519989,
        -0.2590000033378601,
        -0.8360000252723694,
        -0.014520798809826374,
        0.1289999932050705,
        0.9660000205039978,
        -0.2240000069141388,
        0.05256439745426178,
        0.8659999966621399,
        0.0,
        0.5,
        0.07467960566282272,
        0.0,
        0.0,
        0.0,
        1.0
      ],
      "step": 15
    },
    {
      "id": "3020",
      "color": "solid_light_gray",
      "matrix": [
        0.4830000102519989,
        -0.2590000033378601,
        -0.8360000252723694,
        -0.002861199900507927,
        0.1289999932050705,
        0.9660000205039978,
        -0.2240000069141388,
        0.05900159850716591,
        0.8659999966621399,
        0.0,
        0.5,
        0.08107160031795502,
        0.0,
        0.0,
        0.0,
        1.0
      ],
      "step": 16
    },
    {
      "id": "3068b",
      "color": "solid_light_gray",
      "matrix": [
        0.4830000102519989,
        -0.2590000033378601,
        -0.8360000252723694,
        -0.0075531997717916965,
        0.1289999932050705,
        0.9660000205039978,
        -0.2240000069141388,
        0.0610572025179863,
        0.8659999966621399,
        0.0,
        0.5,
        0.07414359599351883,
        0.0,
        0.0,
        0.0,
        1.0
      ],
      "step": 17
    },
    {
      "id": "3023",
      "color": "solid_red",
      "matrix": [
        0.8360000252723694,
        0.4830000102519989,
        0.2590000033378601,
        0.016830800101161003,
        0.2240000069141388,
        0.1289999932050705,
        -0.9660000205039978,
        0.05351119861006737,
        -0.5,
        0.8659999966621399,
        0.0,
        0.11155600845813751,
        0.0,
        0.0,
        0.0,
        1.0
      ],
      "step": 18
    },
    {
      "id": "15208",
      "color": "solid_light_gray",
      "matrix": [
        0.8360000252723694,
        0.4830000102519989,
        0.2590000033378601,
        0.018901199102401733,
        0.2240000069141388,
        0.1289999932050705,
        -0.9660000205039978,
        0.04578360170125961,
        -0.5,
        0.8659999966621399,
        0.0,
        0.11155600845813751,
        0.0,
        0.0,
        0.0,
        1.0
      ],
      "step": 18
    },
    {
      "id": "47457",
      "color": "solid_white",
      "matrix": [
        0.8360000252723694,
        0.4830000102519989,
        0.2590000033378601,
        0.019921600818634033,
        0.2240000069141388,
        0.1289999932050705,
        -0.9660000205039978,
        0.0543392039835453,
        -0.5,
        0.8659999966621399,
        0.0,
        0.11709839850664139,
        0.0,
        0.0,
        0.0,
        1.0
      ],
      "step": 19
    },
    {
      "id": "85984",
      "color": "solid_light_gray",
      "matrix": [
        0.8360000252723694,
        0.4830000102519989,
        0.2590000033378601,
        0.019921600818634033,
        0.2240000069141388,
        0.1289999932050705,
        -0.9660000205039978,
        0.0543392039835453,
        -0.5,
        0.8659999966621399,
        0.0,
        0.11709839850664139,
        0.0,
        0.0,
        0.0,
        1.0
      ],
      "step": 20
    },
    {
      "id": "43712",
      "color": "solid_light_gray",
      "matrix": [
        0.8360000252723694,
        -0.2590000033378601,
        0.4830000102519989,
        0.00017439998919144273,
        0.2240000069141388,
        0.9660000205039978,
        0.1289999932050705,
        0.06312759965658188,
        -0.5,
        0.0,
        0.8659999966621399,
        0.08799999952316284,
        0.0,
        0.0,
        0.0,
        1.0
      ],
      "step": 21
    },
    {
      "id": "3023",
      "color": "solid_red",
      "matrix": [
        0.8360000252723694,
        -0.2590000033378601,
        0.4830000102519989,
        -0.0012027999619022012,
        0.2240000069141388,
        0.9660000205039978,
        0.1289999932050705,
        0.02962999790906906,
        -0.5,
        0.0,
        0.8659999966621399,
        0.07067960500717163,
        0.0,
        0.0,
        0.0,
        1.0
      ],
      "step": 22
    },
    {
      "id": "4032a",
      "color": "solid_red",
      "matrix": [
        0.8360000252723694,
        -0.2590000033378601,
        0.4830000102519989,
        -9.919999865815043e-05,
        0.2240000069141388,
        0.9660000205039978,
        0.1289999932050705,
        0.033238399773836136,
        -0.5,
        0.0,
        0.8659999966621399,
        0.07414359599351883,
        0.0,
        0.0,
        0.0,
        1.0
      ],
      "step": 22
    },
    {
      "id": "3022",
      "color": "solid_white",
      "matrix": [
        0.8360000252723694,
        -0.2590000033378601,
        0.4830000102519989,
        0.0015571999829262495,
        0.2240000069141388,
        0.9660000205039978,
        0.1289999932050705,
        0.02705639973282814,
        -0.5,
        0.0,
        0.8659999966621399,
        0.07414359599351883,
        0.0,
        0.0,
        0.0,
        1.0
      ],
      "step": 22
    },
    {
      "id": "48336",
      "color": "solid_white",
      "matrix": [
        0.8360000252723694,
        -0.2590000033378601,
        0.4830000102519989,
        0.002660800004377961,
        0.2240000069141388,
        0.9660000205039978,
        0.1289999932050705,
        0.03066520020365715,
        -0.5,
        0.0,
        0.8659999966621399,
        0.07760760188102722,
        0.0,
        0.0,
        0.0,
        1.0
      ],
      "step": 22
    },
    {
      "id": "99207",
      "color": "solid_white",
      "matrix": [
        -0.4830000102519989,
        -0.2590000033378601,
        0.8360000252723694,
        0.00573160033673048,
        -0.1289999932050705,
        0.9660000205039978,
        0.2240000069141388,
        0.024861998856067657,
        -0.8659999966621399,
        0.0,
        -0.5,
        0.07214359939098358,
        0.0,
        0.0,
        0.0,
        1.0
      ],
      "step": 23
    },
    {
      "id": "99207",
      "color": "solid_white",
      "matrix": [
        0.4830000102519989,
        -0.2590000033378601,
        -0.8360000252723694,
        -0.0009604000370018184,
        0.1289999932050705,
        0.9660000205039978,
        -0.2240000069141388,
        0.023069201037287712,
        0.8659999966621399,
        0.0,
        0.5,
        0.07614360004663467,
        0.0,
        0.0,
        0.0,
        1.0
      ],
      "step": 23
    },
    {
      "id": "3021",
      "color": "solid_red",
      "matrix": [
        -0.2590000033378601,
        -0.8360000252723694,
        0.4830000102519989,
        -0.012670000083744526,
        0.9660000205039978,
        -0.2240000069141388,
        0.1289999932050705,
        0.037324000149965286,
        0.0,
        0.5,
        0.8659999966621399,
        0.08054360002279282,
        0.0,
        0.0,
        0.0,
        1.0
      ],
      "step": 24
    },
    {
      "id": "15208",
      "color": "solid_light_gray",
      "matrix": [
        0.4830000102519989,
        -0.8360000252723694,
        0.2590000033378601,
        -0.003604399971663952,
        0.1289999932050705,
        -0.2240000069141388,
        -0.9660000205039978,
        0.039753202348947525,
        0.8659999966621399,
        0.5,
        0.0,
        0.09359999746084213,
        0.0,
        0.0,
        0.0,
        1.0
      ],
      "step": 24
    },
    {
      "id": "85984",
      "color": "solid_light_gray",
      "matrix": [
        -0.2590000033378601,
        -0.8360000252723694,
        0.4830000102519989,
        -0.015637200325727463,
        0.9660000205039978,
        -0.2240000069141388,
        0.1289999932050705,
        0.0406700000166893,
        0.0,
        0.5,
        0.8659999966621399,
        0.07707960158586502,
        0.0,
        0.0,
        0.0,
        1.0
      ],
      "step": 25
    },
    {
      "id": "85984",
      "color": "solid_light_gray",
      "matrix": [
        -0.2590000033378601,
        -0.8360000252723694,
        0.4830000102519989,
        -0.011773600243031979,
        0.9660000205039978,
        -0.2240000069141388,
        0.1289999932050705,
        0.041705600917339325,
        0.0,
        0.5,
        0.8659999966621399,
        0.08400759845972061,
        0.0,
        0.0,
        0.0,
        1.0
      ],
      "step": 25
    },
    {
      "id": "15068",
      "color": "solid_white",
      "matrix": [
        0.4830000102519989,
        -0.8360000252723694,
        0.2590000033378601,
        -0.00688759982585907,
        0.1289999932050705,
        -0.2240000069141388,
        -0.9660000205039978,
        0.026450399309396744,
        0.8659999966621399,
        0.5,
        0.0,
        0.07894359529018402,
        0.0,
        0.0,
        0.0,
        1.0
      ],
      "step": 26
    },
    {
      "id": "11477",
      "color": "solid_light_gray",
      "matrix": [
        -0.2590000033378601,
        -0.8360000252723694,
        0.4830000102519989,
        0.008592800237238407,
        0.9660000205039978,
        -0.2240000069141388,
        0.1289999932050705,
        0.05130360275506973,
        0.0,
        0.5,
        0.8659999966621399,
        0.11278480291366577,
        0.0,
        0.0,
        0.0,
        1.0
      ],
      "step": 27
    },
    {
      "id": "3024",
      "color": "solid_light_gray",
      "matrix": [
        -0.2590000033378601,
        -0.8360000252723694,
        0.4830000102519989,
        0.003984400071203709,
        0.9660000205039978,
        -0.2240000069141388,
        0.1289999932050705,
        0.050068799406290054,
        0.0,
        0.5,
        0.8659999966621399,
        0.11092039942741394,
        0.0,
        0.0,
        0.0,
        1.0
      ],
      "step": 27
    },
    {
      "id": "43722",
      "color": "solid_white",
      "matrix": [
        -0.2590000033378601,
        -0.8360000252723694,
        0.4830000102519989,
        -0.00331399985589087,
        0.9660000205039978,
        -0.2240000069141388,
        0.1289999932050705,
        0.03568999841809273,
        0.0,
        0.5,
        0.8659999966621399,
        0.09866400063037872,
        0.0,
        0.0,
        0.0,
        1.0
      ],
      "step": 28
    },
    {
      "id": "29119",
      "color": "solid_white",
      "matrix": [
        -0.2590000033378601,
        -0.8360000252723694,
        0.4830000102519989,
        0.010663599707186222,
        0.9660000205039978,
        -0.2240000069141388,
        0.1289999932050705,
        0.043576400727033615,
        0.0,
        0.5,
        0.8659999966621399,
        0.11278480291366577,
        0.0,
        0.0,
        0.0,
        1.0
      ],
      "step": 28
    },
    {
      "id": "15208",
      "color": "solid_light_gray",
      "matrix": [
        0.4830000102519989,
        -0.8360000252723694,
        0.2590000033378601,
        0.0041231997311115265,
        0.1289999932050705,
        -0.2240000069141388,
        -0.9660000205039978,
        0.04182399809360504,
        0.8659999966621399,
        0.5,
        0.0,
        0.10745639353990555,
        0.0,
        0.0,
        0.0,
        1.0
      ],
      "step": 28
    },
    {
      "id": "3021",
      "color": "solid_red",
      "matrix": [
        -0.2590000033378601,
        0.8360000252723694,
        -0.4830000102519989,
        0.00874479953199625,
        0.9660000205039978,
        0.2240000069141388,
        -0.1289999932050705,
        0.043062400072813034,
        0.0,
        -0.5,
        -0.8659999966621399,
        0.06774359941482544,
        0.0,
        0.0,
        0.0,
        1.0
      ],
      "step": 29
    },
    {
      "id": "15208",
      "color": "solid_light_gray",
      "matrix": [
        -0.4830000102519989,
        0.8360000252723694,
        0.2590000033378601,
        0.015133999288082123,
        -0.1289999932050705,
        0.2240000069141388,
        -0.9660000205039978,
        0.044773999601602554,
        -0.8659999966621399,
        -0.5,
        0.0,
        0.08240000158548355,
        0.0,
        0.0,
        0.0,
        1.0
      ],
      "step": 29
    },
    {
      "id": "85984",
      "color": "solid_light_gray",
      "matrix": [
        0.2590000033378601,
        0.8360000252723694,
        0.4830000102519989,
        0.005777600221335888,
        -0.9660000205039978,
        0.2240000069141388,
        0.1289999932050705,
        0.04640839993953705,
        0.0,
        -0.5,
        0.8659999966621399,
        0.06427960097789764,
        0.0,
        0.0,
        0.0,
        1.0
      ],
      "step": 30
    },
    {
      "id": "85984",
      "color": "solid_light_gray",
      "matrix": [
        0.2590000033378601,
        0.8360000252723694,
        0.4830000102519989,
        0.009641200304031372,
        -0.9660000205039978,
        0.2240000069141388,
        0.1289999932050705,
        0.04744360223412514,
        0.0,
        -0.5,
        0.8659999966621399,
        0.07120759785175323,
        0.0,
        0.0,
        0.0,
        1.0
      ],
      "step": 30
    },
    {
      "id": "15068",
      "color": "solid_white",
      "matrix": [
        -0.4830000102519989,
        0.8360000252723694,
        0.2590000033378601,
        0.009173999540507793,
        -0.1289999932050705,
        0.2240000069141388,
        -0.9660000205039978,
        0.030753999948501587,
        -0.8659999966621399,
        -0.5,
        0.0,
        0.06934359669685364,
        0.0,
        0.0,
        0.0,
        1.0
      ],
      "step": 31
    },
    {
      "id": "3024",
      "color": "solid_light_gray",
      "matrix": [
        0.2590000033378601,
        0.8360000252723694,
        0.4830000102519989,
        0.022722400724887848,
        -0.9660000205039978,
        0.2240000069141388,
        0.1289999932050705,
        0.05508960038423538,
        0.0,
        -0.5,
        0.8659999966621399,
        0.09972039610147476,
        0.0,
        0.0,
        0.0,
        1.0
      ],
      "step": 32
    },
    {
      "id": "11477",
      "color": "solid_light_gray",
      "matrix": [
        0.2590000033378601,
        0.8360000252723694,
        0.4830000102519989,
        0.02197759971022606,
        -0.9660000205039978,
        0.2240000069141388,
        0.1289999932050705,
        0.05489000305533409,
        0.0,
        -0.5,
        0.8659999966621399,
        0.10478480160236359,
        0.0,
        0.0,
        0.0,
        1.0
      ],
      "step": 32
    },
    {
      "id": "43723",
      "color": "solid_white",
      "matrix": [
        0.2590000033378601,
        0.8360000252723694,
        0.4830000102519989,
        0.02077759988605976,
        -0.9660000205039978,
        0.2240000069141388,
        0.1289999932050705,
        0.042145200073719025,
        0.0,
        -0.5,
        0.8659999966621399,
        0.08426400274038315,
        0.0,
        0.0,
        0.0,
        1.0
      ],
      "step": 33
    },
    {
      "id": "29120",
      "color": "solid_white",
      "matrix": [
        0.2590000033378601,
        0.8360000252723694,
        0.4830000102519989,
        0.02404799871146679,
        -0.9660000205039978,
        0.2240000069141388,
        0.1289999932050705,
        0.047162797302007675,
        0.0,
        -0.5,
        0.8659999966621399,
        0.10478480160236359,
        0.0,
        0.0,
        0.0,
        1.0
      ],
      "step": 33
    },
    {
      "id": "15208",
      "color": "solid_light_gray",
      "matrix": [
        -0.4830000102519989,
        0.8360000252723694,
        0.2590000033378601,
        0.02286119945347309,
        -0.1289999932050705,
        0.2240000069141388,
        -0.9660000205039978,
        0.04684479907155037,
        -0.8659999966621399,
        -0.5,
        0.0,
        0.09625640511512756,
        0.0,
        0.0,
        0.0,
        1.0
      ],
      "step": 33
    },
    {
      "id": "2654",
      "color": "solid_white",
      "matrix": [
        0.8360000252723694,
        -0.07800000160932541,
        0.5429999828338623,
        0.014175999909639359,
        0.2240000069141388,
        0.9520000219345093,
        -0.20900000631809235,
        0.01699960045516491,
        -0.5,
        0.29600000381469727,
        0.8140000104904175,
        0.09074719995260239,
        0.0,
        0.0,
        0.0,
        1.0
      ],
      "step": 34
    },
    {
      "id": "26604",
      "color": "solid_light_gray",
      "matrix": [
        -0.5429999828338623,
        -0.07800000160932541,
        0.8360000252723694,
        0.014599200338125229,
        0.20900000631809235,
        0.9520000219345093,
        0.2240000069141388,
        0.027870800346136093,
        -0.8140000104904175,
        0.29600000381469727,
        -0.5,
        0.08833280205726624,
        0.0,
        0.0,
        0.0,
        1.0
      ],
      "step": 35
    },
    {
      "id": "26604",
      "color": "solid_light_gray",
      "matrix": [
        -0.8360000252723694,
        -0.07800000160932541,
        -0.5429999828338623,
        0.007911198772490025,
        -0.2240000069141388,
        0.9520000219345093,
        0.20900000631809235,
        0.02607879973948002,
        0.5,
        0.29600000381469727,
        -0.8140000104904175,
        0.09233280271291733,
        0.0,
        0.0,
        0.0,
        1.0
      ],
      "step": 35
    },
    {
      "id": "26604",
      "color": "solid_light_gray",
      "matrix": [
        0.8360000252723694,
        -0.07800000160932541,
        0.5429999828338623,
        0.018943199887871742,
        0.2240000069141388,
        0.9520000219345093,
        -0.20900000631809235,
        0.026198800653219223,
        -0.5,
        0.29600000381469727,
        0.8140000104904175,
        0.09484480321407318,
        0.0,
        0.0,
        0.0,
        1.0
      ],
      "step": 36
    },
    {
      "id": "26604",
      "color": "solid_light_gray",
      "matrix": [
        0.5429999828338623,
        -0.07800000160932541,
        -0.8360000252723694,
        0.012255199253559113,
        -0.20900000631809235,
        0.9520000219345093,
        -0.2240000069141388,
        0.02440680004656315,
        0.8140000104904175,
        0.29600000381469727,
        0.5,
        0.09884479641914368,
        0.0,
        0.0,
        0.0,
        1.0
      ],
      "step": 36
    },
    {
      "id": "60470b",
      "color": "solid_red",
      "matrix": [
        -0.8360000252723694,
        -0.07800000160932541,
        -0.5429999828338623,
        0.011005599983036518,
        -0.2240000069141388,
        0.9520000219345093,
        0.20900000631809235,
        0.030021199956536293,
        0.5,
        0.29600000381469727,
        -0.8140000104904175,
        0.091279998421669,
        0.0,
        0.0,
        0.0,
        1.0
      ],
      "step": 37
    },
    {
      "id": "15068",
      "color": "solid_light_gray",
      "matrix": [
        0.8360000252723694,
        -0.07800000160932541,
        0.5429999828338623,
        0.013427198864519596,
        0.2240000069141388,
        0.9520000219345093,
        -0.20900000631809235,
        0.026138799265027046,
        -0.5,
        0.29600000381469727,
        0.8140000104904175,
        0.09358879923820496,
        0.0,
        0.0,
        0.0,
        1.0
      ],
      "step": 38
    },
    {
      "id": "15208",
      "color": "solid_light_gray",
      "matrix": [
        -0.8360000252723694,
        0.5429999828338623,
        -0.07800000160932541,
        0.0198208000510931,
        -0.2240000069141388,
        -0.20900000631809235,
        0.9520000219345093,
        0.019989999011158943,
        0.5,
        0.8140000104904175,
        0.29600000381469727,
        0.10152160376310349,
        0.0,
        0.0,
        0.0,
        1.0
      ],
      "step": 39
    },
    {
      "id": "85984",
      "color": "solid_white",
      "matrix": [
        0.8360000252723694,
        0.5429999828338623,
        0.07800000160932541,
        0.0198208000510931,
        0.2240000069141388,
        -0.20900000631809235,
        -0.9520000219345093,
        0.019989999011158943,
        -0.5,
        0.8140000104904175,
        -0.29600000381469727,
        0.10152160376310349,
        0.0,
        0.0,
        0.0,
        1.0
      ],
      "step": 40
    },
    {
      "id": "29120",
      "color": "solid_white",
      "matrix": [
        0.07800000160932541,
        0.8360000252723694,
        0.5429999828338623,
        0.024771200492978096,
        -0.9520000219345093,
        0.2240000069141388,
        -0.20900000631809235,
        0.022450799122452736,
        -0.29600000381469727,
        -0.5,
        0.8140000104904175,
        0.09491679817438126,
        0.0,
        0.0,
        0.0,
        1.0
      ],
      "step": 41
    },
    {
      "id": "29119",
      "color": "solid_white",
      "matrix": [
        -0.07800000160932541,
        0.8360000252723694,
        -0.5429999828338623,
        0.01608319953083992,
        0.9520000219345093,
        0.2240000069141388,
        0.20900000631809235,
        0.025794800370931625,
        0.29600000381469727,
        -0.5,
        -0.8140000104904175,
        0.08189279586076736,
        0.0,
        0.0,
        0.0,
        1.0
      ],
      "step": 41
    },
    {
      "id": "15208",
      "color": "solid_light_gray",
      "matrix": [
        0.5429999828338623,
        0.8360000252723694,
        -0.07800000160932541,
        0.023102398961782455,
        -0.20900000631809235,
        0.2240000069141388,
        0.9520000219345093,
        0.024839598685503006,
        0.8140000104904175,
        -0.5,
        0.29600000381469727,
        0.08680479973554611,
        0.0,
        0.0,
        0.0,
        1.0
      ],
      "step": 41
    },
    {
      "id": "15208",
      "color": "solid_light_gray",
      "matrix": [
        -0.5429999828338623,
        -0.8360000252723694,
        -0.07800000160932541,
        0.004375998862087727,
        0.20900000631809235,
        -0.2240000069141388,
        0.9520000219345093,
        0.019821999594569206,
        -0.8140000104904175,
        0.5,
        0.29600000381469727,
        0.0980047956109047,
        0.0,
        0.0,
        0.0,
        1.0
      ],
      "step": 41
    },
    {
      "id": "29119",
      "color": "solid_white",
      "matrix": [
        -0.07800000160932541,
        -0.8360000252723694,
        0.5429999828338623,
        0.011395198293030262,
        0.9520000219345093,
        -0.2240000069141388,
        -0.20900000631809235,
        0.018866799771785736,
        0.29600000381469727,
        0.5,
        0.8140000104904175,
        0.10291679948568344,
        0.0,
        0.0,
        0.0,
        1.0
      ],
      "step": 41
    },
    {
      "id": "29120",
      "color": "solid_white",
      "matrix": [
        0.07800000160932541,
        -0.8360000252723694,
        -0.5429999828338623,
        0.0027071991935372353,
        -0.9520000219345093,
        -0.2240000069141388,
        0.20900000631809235,
        0.022210801020264626,
        -0.29600000381469727,
        0.5,
        -0.8140000104904175,
        0.08989279717206955,
        0.0,
        0.0,
        0.0,
        1.0
      ],
      "step": 41
    },
    {
      "id": "3020",
      "color": "solid_white",
      "matrix": [
        0.33000001311302185,
        -0.2590000033378601,
        -0.9079999923706055,
        -0.008696000091731548,
        0.08900000154972076,
        0.9660000205039978,
        -0.24300000071525574,
        0.020996401086449623,
        0.9399999976158142,
        0.0,
        0.34200000762939453,
        0.04871639981865883,
        0.0,
        0.0,
        0.0,
        1.0
      ],
      "step": 35
    },
    {
      "id": "4871",
      "color": "solid_white",
      "matrix": [
        0.33000001311302185,
        -0.2590000033378601,
        -0.9079999923706055,
        -0.008542399853467941,
        0.08900000154972076,
        0.9660000205039978,
        -0.24300000071525574,
        0.0309820007532835,
        0.9399999976158142,
        0.0,
        0.34200000762939453,
        0.056236401200294495,
        0.0,
        0.0,
        0.0,
        1.0
      ],
      "step": 36
    },
    {
      "id": "72454",
      "color": "solid_white",
      "matrix": [
        0.33000001311302185,
        -0.2590000033378601,
        -0.9079999923706055,
        -0.016462398692965508,
        0.08900000154972076,
        0.9660000205039978,
