0 LEGO Set 31088-1 Converted from Mecabricks
0 Name: 31088-1_sequence.ldr
1 7 17.000 -96.000 -220.000 -0.483 0.259 -0.836 0.129 0.966 0.224 0.866 0.000 -0.500 3795.dat
1 7 -9.219 -97.257 -176.699 -0.836 0.259 0.483 0.224 0.966 -0.129 -0.500 0.000 -0.866 14704.dat
0 STEP
1 7 0.441 -99.845 -194.019 -0.836 0.259 0.483 0.224 0.966 -0.129 -0.500 0.000 -0.866 3023.dat
0 STEP
1 4 -6.460 -106.278 -185.359 -0.836 0.259 0.483 0.224 0.966 -0.129 -0.500 0.000 -0.866 3022.dat
0 STEP
1 4 -8.530 -114.006 -185.359 -0.836 0.259 0.483 0.224 0.966 -0.129 -0.500 0.000 -0.866 4032a.dat
0 STEP
1 7 -5.771 -123.027 -194.019 -0.836 0.259 0.483 0.224 0.966 -0.129 -0.500 0.000 -0.866 3023.dat
1 7 -15.430 -120.439 -176.699 -0.836 0.259 0.483 0.224 0.966 -0.129 -0.500 0.000 -0.866 14704.dat
0 STEP
1 4 -4.306 -131.702 -180.359 -0.483 0.259 -0.836 0.129 0.966 0.224 0.866 0.000 -0.500 44728.dat
1 4 -21.036 -127.219 -190.359 0.483 0.259 0.836 -0.129 0.966 -0.224 -0.866 0.000 0.500 44728.dat
0 STEP
1 4 -1.718 -132.396 -225.000 0.483 0.259 0.836 -0.129 0.966 -0.224 -0.866 0.000 0.500 22885.dat
1 4 -14.187 -118.702 -234.000 0.483 0.836 -0.259 -0.129 -0.224 -0.966 -0.866 0.500 0.000 3023.dat
1 7 -19.017 -117.408 -225.340 -0.259 0.836 -0.483 -0.966 -0.224 0.129 0.000 0.500 0.866 54200.dat
1 7 -9.358 -119.996 -242.660 -0.259 0.836 -0.483 -0.966 -0.224 0.129 0.000 0.500 0.866 54200.dat
0 STEP
1 4 15.012 -136.878 -215.000 -0.483 0.259 -0.836 0.129 0.966 0.224 0.866 0.000 -0.500 22885.dat
1 4 32.658 -131.254 -206.000 -0.483 -0.836 -0.259 0.129 0.224 -0.966 0.866 -0.500 0.000 3023.dat
1 7 27.829 -129.960 -197.340 0.259 -0.836 -0.483 0.966 0.224 0.129 0.000 -0.500 0.866 54200.dat
1 7 37.488 -132.548 -214.660 0.259 -0.836 -0.483 0.966 0.224 0.129 0.000 -0.500 0.866 54200.dat
0 STEP
1 4 37.007 -117.925 -263.301 0.836 0.259 -0.483 -0.224 0.966 0.129 0.500 0.000 0.866 99206.dat
0 STEP
1 7 27.348 -115.337 -245.981 -0.836 0.259 0.483 0.224 0.966 -0.129 -0.500 0.000 -0.866 3023.dat
0 STEP
1 4 29.501 -140.761 -240.981 -0.483 0.259 -0.836 0.129 0.966 0.224 0.866 0.000 -0.500 6541.dat
1 0 40.455 -133.343 -235.981 0.836 0.259 -0.483 -0.224 0.966 0.129 0.500 0.000 0.866 2780.dat
1 4 12.771 -136.278 -250.981 0.483 0.259 0.836 -0.129 0.966 -0.224 -0.866 0.000 0.500 6541.dat
1 0 6.994 -124.377 -255.981 -0.836 0.259 0.483 0.224 0.966 -0.129 -0.500 0.000 -0.866 2780.dat
0 STEP
1 7 39.160 -143.349 -258.301 0.836 0.259 -0.483 -0.224 0.966 0.129 0.500 0.000 0.866 26604.dat
1 7 22.430 -138.866 -268.301 0.483 0.259 0.836 -0.129 0.966 -0.224 -0.866 0.000 0.500 26604.dat
0 STEP
1 4 14.236 -144.953 -237.321 0.483 0.259 0.836 -0.129 0.966 -0.224 -0.866 0.000 0.500 3020.dat
0 STEP
1 7 57.185 -137.826 -225.981 0.483 -0.836 0.259 -0.129 0.224 0.966 -0.866 -0.500 0.000 30374.dat
0 STEP
1 7 48.820 -135.584 -230.981 0.259 -0.836 -0.483 0.966 0.224 0.129 0.000 -0.500 0.866 18654.dat
1 7 -1.371 -122.136 -260.981 0.259 -0.836 -0.483 0.966 0.224 0.129 0.000 -0.500 0.866 18654.dat
0 STEP
1 7 6.819 -142.965 -184.019 -0.483 0.259 -0.836 0.129 0.966 0.224 0.866 0.000 -0.500 92946.dat
1 7 -2.841 -140.377 -166.699 -0.483 0.259 -0.836 0.129 0.966 0.224 0.866 0.000 -0.500 92946.dat
1 7 -26.643 -133.999 -204.019 0.483 0.259 0.836 -0.129 0.966 -0.224 -0.866 0.000 0.500 92946.dat
1 7 -36.302 -131.411 -186.699 0.483 0.259 0.836 -0.129 0.966 -0.224 -0.866 0.000 0.500 92946.dat
0 STEP
1 7 -7.153 -147.504 -202.679 0.483 0.259 0.836 -0.129 0.966 -0.224 -0.866 0.000 0.500 3020.dat
0 STEP
1 7 -18.883 -152.643 -185.359 0.483 0.259 0.836 -0.129 0.966 -0.224 -0.866 0.000 0.500 3068b.dat
0 STEP
1 4 42.077 -133.778 -278.890 0.836 -0.483 -0.259 -0.224 0.129 -0.966 0.500 0.866 0.000 3023.dat
1 7 47.253 -114.459 -278.890 0.836 -0.483 -0.259 -0.224 0.129 -0.966 0.500 0.866 0.000 15208.dat
0 STEP
1 15 49.804 -135.848 -292.746 0.836 -0.483 -0.259 -0.224 0.129 -0.966 0.500 0.866 0.000 47457.dat
0 STEP
1 7 49.804 -135.848 -292.746 0.836 -0.483 -0.259 -0.224 0.129 -0.966 0.500 0.866 0.000 85984.dat
0 STEP
1 7 0.436 -157.819 -220.000 0.836 0.259 -0.483 -0.224 0.966 0.129 0.500 0.000 0.866 43712.dat
0 STEP
1 4 -3.007 -74.075 -176.699 0.836 0.259 -0.483 -0.224 0.966 0.129 0.500 0.000 0.866 3023.dat
1 4 -0.248 -83.096 -185.359 0.836 0.259 -0.483 -0.224 0.966 0.129 0.500 0.000 0.866 4032a.dat
1 15 3.893 -67.641 -185.359 0.836 0.259 -0.483 -0.224 0.966 0.129 0.500 0.000 0.866 3022.dat
1 15 6.652 -76.663 -194.019 0.836 0.259 -0.483 -0.224 0.966 0.129 0.500 0.000 0.866 48336.dat
0 STEP
1 15 14.329 -62.155 -180.359 -0.483 0.259 -0.836 0.129 0.966 0.224 0.866 0.000 -0.500 99207.dat
1 15 -2.401 -57.673 -190.359 0.483 0.259 0.836 -0.129 0.966 -0.224 -0.866 0.000 0.500 99207.dat
0 STEP
1 4 -31.675 -93.310 -201.359 -0.259 0.836 -0.483 -0.966 -0.224 0.129 0.000 0.500 0.866 3021.dat
1 7 -9.011 -99.383 -234.000 0.483 0.836 -0.259 -0.129 -0.224 -0.966 -0.866 0.500 0.000 15208.dat
0 STEP
1 7 -39.093 -101.675 -192.699 -0.259 0.836 -0.483 -0.966 -0.224 0.129 0.000 0.500 0.866 85984.dat
1 7 -29.434 -104.264 -210.019 -0.259 0.836 -0.483 -0.966 -0.224 0.129 0.000 0.500 0.866 85984.dat
0 STEP
1 15 -17.219 -66.126 -197.359 0.483 0.836 -0.259 -0.129 -0.224 -0.966 -0.866 0.500 0.000 15068.dat
0 STEP
1 7 21.482 -128.259 -281.962 -0.259 0.836 -0.483 -0.966 -0.224 0.129 0.000 0.500 0.866 11477.dat
1 7 9.961 -125.172 -277.301 -0.259 0.836 -0.483 -0.966 -0.224 0.129 0.000 0.500 0.866 3024.dat
0 STEP
1 15 -8.285 -89.225 -246.660 -0.259 0.836 -0.483 -0.966 -0.224 0.129 0.000 0.500 0.866 43722.dat
1 15 26.659 -108.941 -281.962 -0.259 0.836 -0.483 -0.966 -0.224 0.129 0.000 0.500 0.866 29119.dat
1 7 10.308 -104.560 -268.641 0.483 0.836 -0.259 -0.129 -0.224 -0.966 -0.866 0.500 0.000 15208.dat
0 STEP
1 4 21.862 -107.656 -169.359 -0.259 -0.836 0.483 -0.966 0.224 -0.129 0.000 -0.500 -0.866 3021.dat
1 7 37.835 -111.935 -206.000 -0.483 -0.836 -0.259 0.129 0.224 -0.966 0.866 -0.500 0.000 15208.dat
0 STEP
1 7 14.444 -116.021 -160.699 0.259 -0.836 -0.483 0.966 0.224 0.129 0.000 -0.500 0.866 85984.dat
1 7 24.103 -118.609 -178.019 0.259 -0.836 -0.483 0.966 0.224 0.129 0.000 -0.500 0.866 85984.dat
0 STEP
1 15 22.935 -76.885 -173.359 -0.483 -0.836 -0.259 0.129 0.224 -0.966 0.866 -0.500 0.000 15068.dat
0 STEP
1 7 56.806 -137.724 -249.301 0.259 -0.836 -0.483 0.966 0.224 0.129 0.000 -0.500 0.866 3024.dat
1 7 54.944 -137.225 -261.962 0.259 -0.836 -0.483 0.966 0.224 0.129 0.000 -0.500 0.866 11477.dat
0 STEP
1 15 51.944 -105.363 -210.660 0.259 -0.836 -0.483 0.966 0.224 0.129 0.000 -0.500 0.866 43723.dat
1 15 60.120 -117.907 -261.962 0.259 -0.836 -0.483 0.966 0.224 0.129 0.000 -0.500 0.866 29120.dat
1 7 57.153 -117.112 -240.641 -0.483 -0.836 -0.259 0.129 0.224 -0.966 0.866 -0.500 0.000 15208.dat
0 STEP
1 15 35.440 -42.499 -226.868 0.836 0.078 -0.543 -0.224 0.952 -0.209 0.500 0.296 0.814 2654.dat
0 STEP
1 7 36.498 -69.677 -220.832 -0.543 0.078 -0.836 -0.209 0.952 0.224 0.814 0.296 -0.500 26604.dat
1 7 19.778 -65.197 -230.832 -0.836 0.078 0.543 0.224 0.952 0.209 -0.500 0.296 -0.814 26604.dat
0 STEP
1 7 47.358 -65.497 -237.112 0.836 0.078 -0.543 -0.224 0.952 -0.209 0.500 0.296 0.814 26604.dat
1 7 30.638 -61.017 -247.112 0.543 0.078 0.836 0.209 0.952 -0.224 -0.814 0.296 0.500 26604.dat
0 STEP
1 4 27.514 -75.053 -228.200 -0.836 0.078 0.543 0.224 0.952 0.209 -0.500 0.296 -0.814 60470b.dat
0 STEP
1 7 33.568 -65.347 -233.972 0.836 0.078 -0.543 -0.224 0.952 -0.209 0.500 0.296 0.814 15068.dat
0 STEP
1 7 49.552 -49.975 -253.804 -0.836 -0.543 0.078 0.224 -0.209 0.952 -0.500 0.814 0.296 15208.dat
0 STEP
1 15 49.552 -49.975 -253.804 0.836 -0.543 -0.078 -0.224 -0.209 -0.952 0.500 0.814 -0.296 85984.dat
0 STEP
1 15 61.928 -56.127 -237.292 0.078 -0.836 -0.543 0.952 0.224 -0.209 0.296 -0.500 0.814 29120.dat
1 15 40.208 -64.487 -204.732 -0.078 -0.836 0.543 -0.952 0.224 0.209 -0.296 -0.500 -0.814 29119.dat
1 7 57.756 -62.099 -217.012 0.543 -0.836 0.078 0.209 0.224 0.952 -0.814 -0.500 0.296 15208.dat
1 7 10.940 -49.555 -245.012 -0.543 0.836 0.078 -0.209 -0.224 0.952 0.814 0.500 0.296 15208.dat
1 15 28.488 -47.167 -257.292 -0.078 0.836 -0.543 -0.952 -0.224 -0.209 -0.296 0.500 0.814 29119.dat
1 15 6.768 -55.527 -224.732 0.078 0.836 0.543 0.952 -0.224 0.209 0.296 0.500 -0.814 29120.dat
1 15 -21.740 -52.491 -121.791 0.330 0.259 0.908 -0.089 0.966 -0.243 -0.940 0.000 0.342 3020.dat
1 15 -21.356 -77.455 -140.591 0.330 0.259 0.908 -0.089 0.966 -0.243 -0.940 0.000 0.342 4871.dat
1 15 -41.156 -72.115 -84.191 0.330 0.259 0.908 -0.089 0.966 -0.243 -0.940 0.000 0.342 72454.dat
1 4 -36.628 -81.623 -102.991 0.330 0.259 0.908 -0.089 0.966 -0.243 -0.940 0.000 0.342 3001.dat
1 15 -9.388 -88.913 -92.731 0.330 0.259 0.908 -0.089 0.966 -0.243 -0.940 0.000 0.342 3666.dat
1 15 -63.868 -74.333 -113.251 0.330 0.259 0.908 -0.089 0.966 -0.243 -0.940 0.000 0.342 3666.dat
1 15 -72.540 -80.281 -94.451 0.330 0.259 0.908 -0.089 0.966 -0.243 -0.940 0.000 0.342 3710.dat
1 7 -52.740 -85.621 -150.851 0.330 0.259 0.908 -0.089 0.966 -0.243 -0.940 0.000 0.342 14417.dat
1 15 -18.060 -94.861 -73.931 0.330 0.259 0.908 -0.089 0.966 -0.243 -0.940 0.000 0.342 3710.dat
1 7 1.740 -100.201 -130.331 -0.330 0.259 -0.908 0.089 0.966 0.243 0.940 0.000 -0.342 14417.dat
1 7 -31.064 -87.267 -121.791 0.908 -0.259 -0.330 -0.243 -0.966 0.089 0.342 0.000 0.940 stud4a.dat
1 7 -31.064 -87.267 -121.791 7.264 0.259 -2.640 -1.944 0.966 0.712 2.736 0.000 7.520 4-4edge.dat
1 7 -30.028 -83.403 -121.791 14.528 -1.036 -5.280 -3.888 -3.864 1.424 5.472 0.000 15.040 box4.dat
1 7 -31.064 -87.267 -121.791 7.264 -0.259 -2.640 -1.944 -0.966 0.712 2.736 0.000 7.520 4-4ndis.dat
1 7 -30.028 -83.403 -121.791 18.160 -2.072 -6.600 -4.860 -7.728 1.780 6.840 0.000 18.800 box4.dat
1 7 -31.064 -87.267 -121.791 5.448 -1.036 -1.980 -1.458 -3.864 0.534 2.052 0.000 5.640 4-4cyli.dat
1 7 -32.100 -91.131 -121.791 5.448 0.259 -1.980 -1.458 0.966 0.534 2.052 0.000 5.640 4-4edge.dat
1 7 -32.100 -91.131 -121.791 5.448 0.259 -1.980 -1.458 0.966 0.534 2.052 0.000 5.640 4-4ndis.dat
1 7 -24.464 -89.047 -140.591 3.450 -0.330 0.984 -0.923 0.089 3.671 1.300 0.940 0.000 4-4edge.dat
1 7 -24.365 -89.074 -140.873 -0.182 -0.099 -0.052 0.049 0.027 -0.193 -0.068 0.282 0.000 4-4con19.dat
1 7 -24.365 -89.074 -140.873 3.632 3.762 -1.036 -0.972 -1.015 -3.864 1.368 -10.716 0.000 4-4cylo.dat
1 7 -20.603 -90.088 -151.589 0.182 0.099 -0.052 -0.049 -0.027 -0.193 0.068 -0.282 0.000 4-4con19.dat
1 7 -20.504 -90.115 -151.871 3.450 -0.330 0.984 -0.923 0.089 3.671 1.300 0.940 0.000 4-4edge.dat
1 7 -20.504 -90.115 -151.871 3.450 0.417 0.984 -0.923 -0.112 3.671 1.300 -1.187 0.000 4-4cyli.dat
1 7 -17.864 -90.827 -159.391 7.264 2.072 -2.640 -1.944 7.728 0.712 2.736 0.000 7.520 8-8sphe.dat
1 7 -32.100 -91.131 -121.791 0.330 0.259 0.908 -0.089 0.966 -0.243 -0.940 0.000 0.342 stug-2x2.dat
1 7 -44.264 -83.707 -84.191 -0.908 -0.259 0.330 0.243 -0.966 -0.089 -0.342 0.000 -0.940 stud4a.dat
1 7 -44.264 -83.707 -84.191 -7.264 0.259 2.640 1.944 0.966 -0.712 -2.736 0.000 -7.520 4-4edge.dat
1 7 -43.228 -79.843 -84.191 -14.528 -1.036 5.280 3.888 -3.864 -1.424 -5.472 0.000 -15.040 box4.dat
1 7 -44.264 -83.707 -84.191 -7.264 -0.259 2.640 1.944 -0.966 -0.712 -2.736 0.000 -7.520 4-4ndis.dat
1 7 -43.228 -79.843 -84.191 -18.160 -2.072 6.600 4.860 -7.728 -1.780 -6.840 0.000 -18.800 box4.dat
1 7 -44.264 -83.707 -84.191 -5.448 -1.036 1.980 1.458 -3.864 -0.534 -2.052 0.000 -5.640 4-4cyli.dat
1 7 -45.300 -87.571 -84.191 -5.448 0.259 1.980 1.458 0.966 -0.534 -2.052 0.000 -5.640 4-4edge.dat
1 7 -45.300 -87.571 -84.191 -5.448 0.259 1.980 1.458 0.966 -0.534 -2.052 0.000 -5.640 4-4ndis.dat
1 7 -50.864 -81.927 -65.391 -3.450 0.330 0.984 0.923 -0.089 3.671 -1.300 -0.940 0.000 4-4edge.dat
1 7 -50.963 -81.900 -65.109 0.182 0.099 -0.052 -0.049 -0.027 -0.193 0.068 -0.282 0.000 4-4con19.dat
1 7 -50.963 -81.900 -65.109 -3.632 -3.762 -1.036 0.972 1.015 -3.864 -1.368 10.716 0.000 4-4cylo.dat
1 7 -54.725 -80.886 -54.393 -0.182 -0.099 -0.052 0.049 0.027 -0.193 -0.068 0.282 0.000 4-4con19.dat
1 7 -54.824 -80.859 -54.111 -3.450 0.330 0.984 0.923 -0.089 3.671 -1.300 -0.940 0.000 4-4edge.dat
1 7 -54.824 -80.859 -54.111 -3.450 -0.417 0.984 0.923 0.112 3.671 -1.300 1.187 0.000 4-4cyli.dat
1 7 -57.464 -80.147 -46.591 -7.264 2.072 2.640 1.944 7.728 -0.712 -2.736 0.000 -7.520 8-8sphe.dat
1 7 -45.300 -87.571 -84.191 -0.330 0.259 -0.908 0.089 0.966 0.243 0.940 0.000 -0.342 stug-2x2.dat
1 7 -13.532 -104.369 -92.731 0.330 0.259 0.908 -0.089 0.966 -0.243 -0.940 0.000 0.342 3666.dat
1 4 -34.172 -98.859 -121.791 0.908 0.259 -0.330 -0.243 0.966 0.089 0.342 0.000 0.940 4032a.dat
1 7 -68.012 -89.789 -113.251 0.330 0.259 0.908 -0.089 0.966 -0.243 -0.940 0.000 0.342 3666.dat
1 4 -47.372 -95.299 -84.191 0.908 0.259 -0.330 -0.243 0.966 0.089 0.342 0.000 0.940 4032a.dat
0 STEP
1 4 -42.844 -104.807 -102.991 0.330 0.259 0.908 -0.089 0.966 -0.243 -0.940 0.000 0.342 3020.dat
0 STEP
1 7 -37.280 -110.451 -121.791 0.908 -0.259 -0.330 -0.243 -0.966 0.089 0.342 0.000 0.940 stud4a.dat
1 7 -37.280 -110.451 -121.791 7.264 0.259 -2.640 -1.944 0.966 0.712 2.736 0.000 7.520 4-4edge.dat
1 7 -36.244 -106.587 -121.791 14.528 -1.036 -5.280 -3.888 -3.864 1.424 5.472 0.000 15.040 box4.dat
1 7 -37.280 -110.451 -121.791 7.264 -0.259 -2.640 -1.944 -0.966 0.712 2.736 0.000 7.520 4-4ndis.dat
1 7 -36.244 -106.587 -121.791 18.160 -2.072 -6.600 -4.860 -7.728 1.780 6.840 0.000 18.800 box4.dat
1 7 -37.280 -110.451 -121.791 5.448 -1.036 -1.980 -1.458 -3.864 0.534 2.052 0.000 5.640 4-4cyli.dat
1 7 -38.316 -114.315 -121.791 5.448 0.259 -1.980 -1.458 0.966 0.534 2.052 0.000 5.640 4-4edge.dat
1 7 -38.316 -114.315 -121.791 5.448 0.259 -1.980 -1.458 0.966 0.534 2.052 0.000 5.640 4-4ndis.dat
1 7 -30.680 -112.231 -140.591 3.450 -0.330 0.984 -0.923 0.089 3.671 1.300 0.940 0.000 4-4edge.dat
1 7 -30.581 -112.258 -140.873 -0.182 -0.099 -0.052 0.049 0.027 -0.193 -0.068 0.282 0.000 4-4con19.dat
1 7 -30.581 -112.258 -140.873 3.632 3.762 -1.036 -0.972 -1.015 -3.864 1.368 -10.716 0.000 4-4cylo.dat
1 7 -26.819 -113.272 -151.589 0.182 0.099 -0.052 -0.049 -0.027 -0.193 0.068 -0.282 0.000 4-4con19.dat
1 7 -26.720 -113.299 -151.871 3.450 -0.330 0.984 -0.923 0.089 3.671 1.300 0.940 0.000 4-4edge.dat
1 7 -26.720 -113.299 -151.871 3.450 0.417 0.984 -0.923 -0.112 3.671 1.300 -1.187 0.000 4-4cyli.dat
1 7 -24.080 -114.011 -159.391 7.264 2.072 -2.640 -1.944 7.728 0.712 2.736 0.000 7.520 8-8sphe.dat
1 7 -38.316 -114.315 -121.791 0.330 0.259 0.908 -0.089 0.966 -0.243 -0.940 0.000 0.342 stug-2x2.dat
1 7 -50.480 -106.891 -84.191 -0.908 -0.259 0.330 0.243 -0.966 -0.089 -0.342 0.000 -0.940 stud4a.dat
1 7 -50.480 -106.891 -84.191 -7.264 0.259 2.640 1.944 0.966 -0.712 -2.736 0.000 -7.520 4-4edge.dat
1 7 -49.444 -103.027 -84.191 -14.528 -1.036 5.280 3.888 -3.864 -1.424 -5.472 0.000 -15.040 box4.dat
1 7 -50.480 -106.891 -84.191 -7.264 -0.259 2.640 1.944 -0.966 -0.712 -2.736 0.000 -7.520 4-4ndis.dat
1 7 -49.444 -103.027 -84.191 -18.160 -2.072 6.600 4.860 -7.728 -1.780 -6.840 0.000 -18.800 box4.dat
1 7 -50.480 -106.891 -84.191 -5.448 -1.036 1.980 1.458 -3.864 -0.534 -2.052 0.000 -5.640 4-4cyli.dat
1 7 -51.516 -110.755 -84.191 -5.448 0.259 1.980 1.458 0.966 -0.534 -2.052 0.000 -5.640 4-4edge.dat
1 7 -51.516 -110.755 -84.191 -5.448 0.259 1.980 1.458 0.966 -0.534 -2.052 0.000 -5.640 4-4ndis.dat
1 7 -57.080 -105.111 -65.391 -3.450 0.330 0.984 0.923 -0.089 3.671 -1.300 -0.940 0.000 4-4edge.dat
1 7 -57.179 -105.084 -65.109 0.182 0.099 -0.052 -0.049 -0.027 -0.193 0.068 -0.282 0.000 4-4con19.dat
1 7 -57.179 -105.084 -65.109 -3.632 -3.762 -1.036 0.972 1.015 -3.864 -1.368 10.716 0.000 4-4cylo.dat
1 7 -60.941 -104.070 -54.393 -0.182 -0.099 -0.052 0.049 0.027 -0.193 -0.068 0.282 0.000 4-4con19.dat
1 7 -61.040 -104.043 -54.111 -3.450 0.330 0.984 0.923 -0.089 3.671 -1.300 -0.940 0.000 4-4edge.dat
1 7 -61.040 -104.043 -54.111 -3.450 -0.417 0.984 0.923 0.112 3.671 -1.300 1.187 0.000 4-4cyli.dat
1 7 -63.680 -103.331 -46.591 -7.264 2.072 2.640 1.944 7.728 -0.712 -2.736 0.000 -7.520 8-8sphe.dat
1 7 -51.516 -110.755 -84.191 -0.330 0.259 -0.908 0.089 0.966 0.243 0.940 0.000 -0.342 stug-2x2.dat
0 STEP
1 4 -46.988 -120.263 -102.991 0.330 0.259 0.908 -0.089 0.966 -0.243 -0.940 0.000 0.342 3020.dat
0 STEP
1 7 -19.748 -127.553 -92.731 0.330 0.259 0.908 -0.089 0.966 -0.243 -0.940 0.000 0.342 3009.dat
1 7 -74.228 -112.973 -113.251 0.330 0.259 0.908 -0.089 0.966 -0.243 -0.940 0.000 0.342 3009.dat
0 STEP
1 7 -57.320 -125.801 -138.031 0.330 0.259 0.908 -0.089 0.966 -0.243 -0.940 0.000 0.342 92946.dat
1 7 -63.920 -124.021 -119.231 0.330 0.259 0.908 -0.089 0.966 -0.243 -0.940 0.000 0.342 92946.dat
1 7 -70.520 -122.241 -100.431 0.330 0.259 0.908 -0.089 0.966 -0.243 -0.940 0.000 0.342 92946.dat
1 7 -77.120 -120.461 -81.631 0.330 0.259 0.908 -0.089 0.966 -0.243 -0.940 0.000 0.342 92946.dat
1 7 -40.800 -130.181 -67.951 -0.330 0.259 -0.908 0.089 0.966 0.243 0.940 0.000 -0.342 92946.dat
1 7 -34.200 -131.961 -86.751 -0.330 0.259 -0.908 0.089 0.966 0.243 0.940 0.000 -0.342 92946.dat
1 7 -27.600 -133.741 -105.551 -0.330 0.259 -0.908 0.089 0.966 0.243 0.940 0.000 -0.342 92946.dat
1 7 -21.000 -135.521 -124.351 -0.330 0.259 -0.908 0.089 0.966 0.243 0.940 0.000 -0.342 92946.dat
0 STEP
1 7 -50.720 -127.581 -156.831 0.330 0.259 0.908 -0.089 0.966 -0.243 -0.940 0.000 0.342 92946.dat
1 7 -83.720 -118.681 -62.831 0.330 0.259 0.908 -0.089 0.966 -0.243 -0.940 0.000 0.342 92946.dat
1 7 -47.400 -128.401 -49.151 -0.330 0.259 -0.908 0.089 0.966 0.243 0.940 0.000 -0.342 92946.dat
1 7 -14.400 -137.301 -143.151 -0.330 0.259 -0.908 0.089 0.966 0.243 0.940 0.000 -0.342 92946.dat
0 STEP
1 7 -60.212 -133.289 -106.411 -0.330 0.259 -0.908 0.089 0.966 0.243 0.940 0.000 -0.342 3666.dat
1 7 -42.052 -138.149 -99.571 -0.330 0.259 -0.908 0.089 0.966 0.243 0.940 0.000 -0.342 3666.dat
0 STEP
1 7 -66.404 -139.887 -65.391 -0.330 0.259 -0.908 0.089 0.966 0.243 0.940 0.000 -0.342 3068b.dat
1 7 -56.504 -142.557 -93.591 0.908 0.259 -0.330 -0.243 0.966 0.089 0.342 0.000 0.940 15573.dat
1 7 -49.904 -144.337 -112.391 0.908 0.259 -0.330 -0.243 0.966 0.089 0.342 0.000 0.940 15573.dat
1 7 -43.304 -146.117 -131.191 0.908 0.259 -0.330 -0.243 0.966 0.089 0.342 0.000 0.940 15573.dat
1 7 -36.704 -147.897 -149.991 0.908 0.259 -0.330 -0.243 0.966 0.089 0.342 0.000 0.940 15573.dat
0 STEP
1 7 45.988 -98.971 -106.632 -0.815 -0.149 0.560 -0.205 0.978 -0.038 -0.543 -0.145 -0.828 14418.dat
1 7 -95.575 -61.085 -159.952 0.774 0.619 -0.134 -0.630 0.772 -0.076 0.056 0.145 0.988 14418.dat
0 STEP
1 7 44.131 -104.004 -83.494 -0.560 -0.149 -0.815 0.038 0.978 -0.205 0.828 -0.145 -0.543 2450.dat
1 7 -110.950 -62.501 -141.906 -0.774 0.619 0.134 0.630 0.772 0.076 -0.056 0.145 -0.988 2450.dat
0 STEP
1 7 -45.376 -153.845 -131.191 0.330 0.259 0.908 -0.089 0.966 -0.243 -0.940 0.000 0.342 3623.dat
1 7 -38.776 -155.625 -149.991 0.908 0.259 -0.330 -0.243 0.966 0.089 0.342 0.000 0.940 54200.dat
1 7 -50.748 -160.683 -121.791 0.330 0.259 0.908 -0.089 0.966 -0.243 -0.940 0.000 0.342 3023.dat
1 7 -66.480 -206.161 -112.391 0.908 0.259 -0.330 -0.243 0.966 0.089 0.342 0.000 0.940 60481.dat
0 STEP
1 7 -68.936 -188.925 -93.591 -0.908 0.259 0.330 0.243 0.966 -0.089 -0.342 0.000 -0.940 60481.dat
0 STEP
1 7 -75.152 -212.109 -93.591 0.908 0.259 -0.330 -0.243 0.966 0.089 0.342 0.000 0.940 3005.dat
1 7 -69.780 -205.271 -102.991 0.908 0.259 -0.330 -0.243 0.966 0.089 0.342 0.000 0.940 11477.dat
1 15 -51.951 -77.524 -15.346 -0.951 0.259 0.168 0.255 0.966 -0.045 -0.174 0.000 -0.985 42023.dat
1 15 -70.971 -72.424 -18.826 -0.951 0.259 0.168 0.255 0.966 -0.045 -0.174 0.000 -0.985 42023.dat
1 15 -76.973 -79.102 61.714 -0.951 0.259 0.168 0.255 0.966 -0.045 -0.174 0.000 -0.985 3022.dat
1 0 -60.743 -83.452 24.054 -0.168 0.259 -0.951 0.045 0.966 0.255 0.985 0.000 -0.174 2540.dat
1 0 -79.763 -78.352 20.574 0.168 0.259 0.951 -0.045 0.966 -0.255 -0.985 0.000 0.174 2540.dat
1 7 -75.685 -87.730 42.014 0.168 0.259 0.951 -0.045 0.966 -0.255 -0.985 0.000 0.174 3020.dat
1 7 -94.905 -72.220 -2.606 -0.421 -0.168 -0.892 -0.907 0.045 0.419 -0.030 0.985 -0.171 44676.dat
1 7 -37.845 -87.520 7.834 0.090 -0.168 0.982 0.996 0.045 -0.083 -0.030 0.985 0.171 44676.dat
1 7 -79.437 -95.008 51.864 0.951 0.259 -0.168 -0.255 0.966 0.045 0.174 0.000 0.985 3023.dat
1 7 -82.797 -94.108 71.564 -0.951 0.259 0.168 0.255 0.966 -0.045 -0.174 0.000 -0.985 14417.dat
1 7 -83.189 -102.286 61.714 -0.951 0.259 0.168 0.255 0.966 -0.045 -0.174 0.000 -0.985 3022.dat
1 7 -69.031 -114.364 24.054 0.168 0.259 0.951 -0.045 0.966 -0.255 -0.985 0.000 0.174 3004.dat
1 7 -88.051 -109.264 20.574 0.168 0.259 0.951 -0.045 0.966 -0.255 -0.985 0.000 0.174 3004.dat
1 7 -61.853 -83.152 -26.936 0.951 0.259 -0.168 -0.255 0.966 0.045 0.174 0.000 0.985 14704.dat
1 4 -63.991 -115.714 -5.496 -0.168 0.259 -0.951 0.045 0.966 0.255 0.985 0.000 -0.174 32952.dat
1 4 -83.011 -110.614 -8.976 0.168 0.259 0.951 -0.045 0.966 -0.255 -0.985 0.000 0.174 32952.dat
1 4 -65.997 -98.608 -26.936 0.951 0.259 -0.168 -0.255 0.966 0.045 0.174 0.000 0.985 3023.dat
1 7 -63.925 -90.880 -26.936 0.951 0.259 -0.168 -0.255 0.966 0.045 0.174 0.000 0.985 3023.dat
1 7 -68.069 -106.336 -26.936 0.951 0.259 -0.168 -0.255 0.966 0.045 0.174 0.000 0.985 14704.dat
1 4 -70.141 -114.064 -26.936 0.951 0.259 -0.168 -0.255 0.966 0.045 0.174 0.000 0.985 3023.dat
1 15 -42.441 -80.074 -13.606 -0.168 -0.951 -0.259 0.045 0.255 -0.966 0.985 -0.174 0.000 15068.dat
1 7 -40.013 -101.434 -12.214 0.259 -0.951 -0.168 0.966 0.255 0.045 0.000 -0.174 0.985 3022.dat
1 7 -53.571 -108.154 6.094 -0.259 -0.951 0.168 -0.966 0.255 -0.045 0.000 -0.174 -0.985 11477.dat
1 7 -33.315 -113.584 -20.672 0.259 -0.951 -0.168 0.966 0.255 0.045 0.000 -0.174 0.985 3024.dat
1 7 -93.269 -87.154 -21.958 0.259 0.951 0.168 0.966 -0.255 -0.045 0.000 0.174 -0.985 3022.dat
1 7 -101.787 -95.224 -33.200 0.259 0.951 0.168 0.966 -0.255 -0.045 0.000 0.174 -0.985 3024.dat
1 7 -91.611 -97.954 -0.866 0.259 0.951 0.168 0.966 -0.255 -0.045 0.000 0.174 -0.985 11477.dat
1 15 -80.481 -69.874 -20.566 0.168 0.951 -0.259 -0.045 -0.255 -0.966 -0.985 0.174 0.000 15068.dat
1 7 -85.083 -118.342 -8.976 0.168 0.259 0.951 -0.045 0.966 -0.255 -0.985 0.000 0.174 3623.dat
1 7 -66.063 -123.442 -5.496 0.168 0.259 0.951 -0.045 0.966 -0.255 -0.985 0.000 0.174 3623.dat
1 7 -75.965 -129.070 -17.086 0.168 0.259 0.951 -0.045 0.966 -0.255 -0.985 0.000 0.174 3068b.dat
1 7 -95.555 -123.820 40.274 -0.951 0.259 0.168 0.255 0.966 -0.045 -0.174 0.000 -0.985 61678.dat
1 7 -76.535 -128.920 43.754 -0.951 0.259 0.168 0.255 0.966 -0.045 -0.174 0.000 -0.985 61678.dat
1 0 -94.541 -107.504 116.264 0.308 -0.016 0.951 0.814 0.522 -0.255 -0.493 0.853 0.174 44302a.dat
1 7 -106.989 -135.888 142.808 0.308 -0.016 0.951 0.814 0.522 -0.255 -0.493 0.853 0.174 3666.dat
1 7 -109.941 -148.204 140.914 0.308 -0.016 0.951 0.814 0.522 -0.255 -0.493 0.853 0.174 3623.dat
1 7 -122.389 -176.588 167.458 -0.951 -0.016 0.308 0.255 0.522 0.814 -0.174 0.853 -0.493 54200.dat
1 7 -97.493 -119.820 114.370 0.308 -0.016 0.951 0.814 0.522 -0.255 -0.493 0.853 0.174 3623.dat
1 7 -94.285 -115.856 102.616 0.308 -0.016 0.951 0.814 0.522 -0.255 -0.493 0.853 0.174 14418.dat
1 7 -91.077 -111.892 90.862 0.951 -0.016 -0.308 -0.255 0.522 -0.814 0.174 0.853 0.493 3024.dat
1 7 -106.477 -152.592 115.512 -0.951 -0.016 0.308 0.255 0.522 0.814 -0.174 0.853 -0.493 61678.dat
1 15 -85.332 -65.170 127.960 0.021 -0.308 -0.951 -0.508 -0.823 0.255 -0.861 0.478 -0.174 44301.dat
1 7 -82.658 -63.666 115.526 -0.951 -0.308 -0.021 0.255 -0.823 0.508 -0.174 0.478 0.861 3024.dat
1 7 -80.824 -41.842 137.532 0.951 -0.308 0.021 -0.255 -0.823 -0.508 0.174 0.478 -0.861 61678.dat
1 7 -88.426 -56.514 157.614 0.021 -0.308 -0.951 -0.508 -0.823 0.255 -0.861 0.478 -0.174 3623.dat
1 7 0.000 0.000 0.000 -0.500 0.000 -0.866 0.000 1.000 0.000 0.866 0.000 -0.500 18646.dat
1 7 28.660 -24.000 -29.640 -0.500 0.000 -0.866 0.000 1.000 0.000 0.866 0.000 -0.500 3937.dat
1 7 -6.340 -24.000 30.980 -0.866 0.000 0.500 0.000 1.000 0.000 -0.500 0.000 -0.866 3040b.dat
1 7 10.980 -24.000 40.980 -0.866 0.000 0.500 0.000 1.000 0.000 -0.500 0.000 -0.866 3040b.dat
1 7 20.980 -24.000 23.660 -0.500 0.000 -0.866 0.000 1.000 0.000 0.866 0.000 -0.500 3040b.dat
1 0 32.320 -23.063 -27.527 0.500 -0.366 0.785 0.000 0.906 0.423 -0.866 -0.212 0.453 6134.dat
1 7 50.945 -21.861 -16.773 0.785 -0.366 -0.500 0.423 0.906 0.000 0.453 -0.212 0.866 30150.dat
1 7 7.320 -32.000 27.320 0.500 0.000 0.866 0.000 1.000 0.000 -0.866 0.000 0.500 4032a.dat
1 7 7.320 -32.000 27.320 -0.500 0.000 0.866 0.000 1.000 0.000 -0.866 0.000 -0.500 30093.dat
1 7 62.862 -34.000 5.118 -0.444 -0.837 0.321 -0.837 0.259 -0.483 0.321 -0.483 -0.814 4740.dat
1 7 62.872 -44.000 -24.898 -0.444 -0.837 0.321 -0.837 0.259 -0.483 0.321 -0.483 -0.814 4740.dat
1 7 60.460 -42.000 15.278 -0.947 -0.321 0.011 -0.289 0.837 -0.466 0.140 -0.444 -0.885 30153.dat
1 7 84.094 -44.000 -27.656 -0.974 0.125 0.187 0.216 0.750 0.625 -0.063 0.650 -0.758 6141.dat
1 7 71.996 -38.000 -12.702 -1.000 0.000 0.000 0.000 1.000 0.000 0.000 0.000 -1.000 6141.dat
1 7 78.764 -29.000 -28.424 -0.780 -0.612 0.126 -0.612 0.707 -0.354 0.127 -0.354 -0.927 6141.dat
1 7 41.006 -66.000 10.974 -0.995 -0.087 0.050 -0.099 0.933 -0.346 -0.017 -0.349 -0.936 2343.dat
1 7 120.000 0.000 190.000 0.766 0.000 -0.643 0.000 1.000 0.000 0.643 0.000 0.766 4032a.dat
1 4 112.340 -8.000 183.570 0.643 0.000 0.766 0.000 1.000 0.000 -0.766 0.000 0.643 2540.dat
1 4 127.660 -8.000 196.430 -0.643 0.000 -0.766 0.000 1.000 0.000 0.766 0.000 -0.643 2540.dat
1 4 120.000 -16.000 190.000 -0.643 0.000 -0.766 0.000 1.000 0.000 0.766 0.000 -0.643 3022.dat
1 4 120.000 -24.000 190.000 -0.643 0.000 -0.766 0.000 1.000 0.000 0.766 0.000 -0.643 4032a.dat
1 4 74.040 -6.000 151.420 0.643 0.000 -0.766 0.000 -1.000 0.000 -0.766 0.000 -0.643 53451.dat
1 7 97.020 -6.000 170.710 0.000 -0.766 -0.643 1.000 0.000 0.000 0.000 -0.643 0.766 11090.dat
1 7 86.732 -6.000 182.966 -0.133 -0.755 -0.643 0.985 -0.174 0.000 -0.112 -0.633 0.766 11090.dat
1 4 63.458 -11.209 164.735 0.643 0.133 -0.755 0.000 -0.985 -0.174 -0.766 0.112 -0.633 53451.dat
1 7 107.308 -6.000 158.454 0.198 -0.740 -0.643 0.966 0.259 0.000 0.167 -0.621 0.766 11090.dat
1 4 85.111 1.765 139.821 0.643 -0.198 -0.740 0.000 -0.966 0.259 -0.766 -0.167 -0.621 53451.dat
1 7 132.692 -6.000 221.546 0.262 0.720 0.643 0.940 -0.342 0.000 0.220 0.604 -0.766 11090.dat
1 4 154.286 -16.261 239.673 -0.643 -0.262 0.720 0.000 -0.940 -0.342 0.766 -0.220 0.604 53451.dat
1 7 142.980 -6.000 209.290 0.000 0.766 0.643 1.000 0.000 0.000 0.000 0.643 -0.766 11090.dat
1 4 165.960 -6.000 228.580 -0.643 0.000 0.766 0.000 -1.000 0.000 0.766 0.000 0.643 53451.dat
1 7 153.268 -6.000 197.034 -0.133 0.755 0.643 0.985 0.174 0.000 -0.112 0.633 -0.766 11090.dat
1 4 176.542 -0.791 215.265 -0.643 0.133 0.755 0.000 -0.985 0.174 0.766 0.112 0.633 53451.dat
1 7 112.340 -32.000 183.570 0.643 0.000 0.766 0.000 1.000 0.000 -0.766 0.000 0.643 14417.dat
1 7 127.660 -32.000 196.430 -0.643 0.000 -0.766 0.000 1.000 0.000 0.766 0.000 -0.643 14417.dat
1 4 126.430 -40.000 182.340 0.766 0.000 -0.643 0.000 1.000 0.000 0.643 0.000 0.766 44728.dat
1 4 120.000 -32.000 190.000 -0.766 0.000 0.643 0.000 1.000 0.000 -0.643 0.000 -0.766 15068.dat
1 4 140.576 -10.000 165.488 0.766 -0.643 0.000 0.000 0.000 -1.000 0.643 0.766 0.000 85984.dat
1 7 140.576 -10.000 165.488 0.766 -0.643 0.000 0.000 0.000 -1.000 0.643 0.766 0.000 44567.dat
1 4 140.576 -30.000 165.488 0.766 -0.643 0.000 0.000 0.000 -1.000 0.643 0.766 0.000 3023.dat
1 15 153.380 -30.000 165.790 0.766 -0.643 0.000 0.000 0.000 -1.000 0.643 0.766 0.000 98138p0k.dat
1 15 138.060 -30.000 152.930 0.766 -0.643 0.000 0.000 0.000 -1.000 0.643 0.766 0.000 98138p0k.dat
1 4 83.291 -51.922 116.489 -0.239 0.849 0.471 -0.864 -0.407 0.295 0.442 -0.337 0.831 16770.dat
1 4 98.874 -42.158 144.022 -0.068 0.969 -0.239 -0.439 -0.244 -0.864 -0.896 0.047 0.442 60478.dat
1 7 91.124 -40.205 143.647 0.068 0.969 0.239 0.439 -0.244 0.864 0.896 0.047 -0.442 14418.dat
1 4 83.375 -38.252 143.271 -0.068 0.969 -0.239 -0.439 -0.244 -0.864 -0.896 0.047 0.442 60478.dat
1 4 98.791 -55.828 117.240 0.239 -0.906 -0.349 0.864 0.035 0.501 -0.442 -0.421 0.792 16770.dat
1 7 170.835 -45.343 203.491 -0.863 0.228 0.451 0.492 0.176 0.852 0.115 0.958 -0.264 14418.dat
1 4 169.010 -46.750 195.830 0.863 0.228 -0.451 -0.492 0.176 -0.852 -0.115 0.958 0.264 60478.dat
1 4 172.660 -43.936 211.154 0.863 0.228 -0.451 -0.492 0.176 -0.852 -0.115 0.958 0.264 60478.dat
1 4 195.350 -61.171 194.294 -0.451 0.571 -0.685 -0.852 -0.049 0.521 0.264 0.819 0.510 16770.dat
1 4 199.000 -58.356 209.617 0.451 0.158 -0.878 0.852 -0.368 0.372 -0.264 -0.917 -0.301 16770.dat
